0.01000000
0.36410036
1.42167025
3.16913095
5.58474331
8.63957958
12.29884427
16.52334317
21.27098113
26.49818503
32.16117352
38.21702416
44.62451612
51.34474912
58.34155626
65.58173827
73.03515131
80.67468118
88.47613407
96.41807029
104.48160256
112.65017603
120.90934284
129.24654048
137.65088018
146.11294928
154.62462985
163.17893427
171.76985787
180.39224799
189.04168845
197.71439813
206.40714250
215.11715666
223.84207864
232.57989175
241.32887489
250.08755983
258.85469439
267.62921104
276.41019982
285.19688526
293.98860662
302.78480103
311.58498899
320.38876215
329.19577272
338.00572458
346.81836557
355.63348103
364.45088822
373.27043160
382.09197877
390.91541709
399.74065069
408.56759803
417.39618975
426.22636685
435.05807919
443.89128415
452.72594551
461.56203252
470.39951908
479.23838304
488.07860562
496.92017093
505.76306551
514.60727798
523.45279874
532.29961970
541.14773407
549.99713614
558.84782114
567.69978509
576.55302470
585.40753724
594.26332049
603.12037264
611.97869224
620.83827813
629.69912944
638.56124549
647.42462580
656.28927006
665.15517808
674.02234980
682.89078525
691.76048456
700.63144791
709.50367556
718.37716782
727.25192502
736.12794757
745.00523589
753.88379042
762.76361165
771.64470006
780.52705616
789.41068049
798.29557358
807.18173599
816.06916827
824.95787099
833.84784474
842.73909009
851.63160762
860.52539794
869.42046163
878.31679929
887.21441153
896.11329895
905.01346216
913.91490177
922.81761838
931.72161261
940.62688508
949.53343640
958.44126718
967.35037805
976.26076961
985.17244250
994.08539733
1002.99963473
1011.91515531
1020.83195970
1029.75004852
1038.66942240
1047.59008195
1056.51202782
1065.43526061
1074.35978097
1083.28558951
1092.21268687
1101.14107367
1110.07075055
1119.00171812
1127.93397703
1136.86752790
1145.80237137
1154.73850806
1163.67593861
1172.61466365
1181.55468382
1190.49599975
1199.43861207
1208.38252142
1217.32772843
1226.27423375
1235.22203800
1244.17114183
1253.12154588
1262.07325077
1271.02625715
1279.98056567
1288.93617695
1297.89309164
1306.85131039
1315.81083383
1324.77166260
1333.73379735
1342.69723872
1351.66198736
1360.62804390
1369.59540900
1378.56408330
1387.53406745
1396.50536209
1405.47796786
1414.45188542
1423.42711542
1432.40365850
1441.38151532
1450.36068651
1459.34117274
1468.32297465
1477.30609290
1486.29052813
1495.27628101
1504.26335217
1513.25174229
1522.24145200
1531.23248197
1540.22483285
1549.21850530
1558.21349997
1567.20981752
1576.20745861
1585.20642389
1594.20671403
1603.20832968
1612.21127150
1621.21554016
1630.22113631
1639.22806062
1648.23631375
1657.24589636
1666.25680911
1675.26905267
1684.28262770
1693.29753487
1702.31377484
1711.33134827
1720.35025585
1729.37049822
1738.39207607
1747.41499005
1756.43924084
1765.46482910
1774.49175552
1783.52002075
1792.54962546
1801.58057034
1810.61285605
1819.64648326
1828.68145265
1837.71776489
1846.75542066
1855.79442064
1864.83476549
1873.87645589
1882.91949253
1891.96387607
1901.00960720
1910.05668660
1919.10511494
1928.15489291
1937.20602118
1946.25850044
1955.31233136
1964.36751464
1973.42405095
1982.48194097
1991.54118539
2000.60178490
2009.66374018
2018.72705191
2027.79172079
2036.85774749
2045.92513271
2054.99387713
2064.06398145
2073.13544635
2082.20827252
2091.28246066
2100.35801145
2109.43492558
2118.51320375
2127.59284665
2136.67385498
2145.75622943
2154.83997069
2163.92507945
2173.01155642
2182.09940230
2191.18861777
2200.27920353
2209.37116029
2218.46448875
2227.55918959
2236.65526353
2245.75271126
2254.85153349
2263.95173092
2273.05330424
2282.15625417
2291.26058140
2300.36628664
2309.47337061
2318.58183399
2327.69167750
2336.80290185
2345.91550773
2355.02949588
2364.14486697
2373.26162174
2382.37976089
2391.49928513
2400.62019517
2409.74249172
2418.86617550
2427.99124722
2437.11770758
2446.24555732
2455.37479714
2464.50542775
2473.63744988
2482.77086424
2491.90567155
2501.04187253
2510.17946789
2519.31845835
2528.45884464
2537.60062748
2546.74380758
2555.88838567
2565.03436248
2574.18173872
2583.33051512
2592.48069240
2601.63227129
2610.78525251
2619.93963680
2629.09542487
2638.25261746
2647.41121530
2656.57121910
2665.73262961
2674.89544756
2684.05967367
2693.22530867
2702.39235330
2711.56080830
2720.73067439
2729.90195231
2739.07464279
2748.24874657
2757.42426439
2766.60119698
2775.77954508
2784.95930943
2794.14049077
2803.32308983
2812.50710736
2821.69254410
2830.87940079
2840.06767817
2849.25737698
2858.44849798
2867.64104189
2876.83500947
2886.03040146
2895.22721861
2904.42546167
2913.62513138
2922.82622848
2932.02875374
2941.23270790
2950.43809171
2959.64490591
2968.85315127
2978.06282853
2987.27393845
2996.48648178
3005.70045927
3014.91587168
3024.13271977
3033.35100428
3042.57072599
3051.79188564
3061.01448399
3070.23852181
3079.46399985
3088.69091887
3097.91927963
3107.14908290
3116.38032944
3125.61302001
3134.84715538
3144.08273630
3153.31976355
3162.55823789
3171.79816008
3181.03953090
3190.28235111
3199.52662148
3208.77234278
3218.01951578
3227.26814125
3236.51821997
3245.76975269
3255.02274021
3264.27718328
3273.53308269
3282.79043921
3292.04925362
3301.30952668
3310.57125919
3319.83445191
3329.09910562
3338.36522111
3347.63279916
3356.90184053
3366.17234603
3375.44431642
3384.71775249
3393.99265503
3403.26902481
3412.54686263
3421.82616927
3431.10694551
3440.38919214
3449.67290995
3458.95809973
3468.24476227
3477.53289835
3486.82250878
3496.11359433
3505.40615580
3514.70019399
3523.99570969
3533.29270368
3542.59117678
3551.89112976
3561.19256344
3570.49547860
3579.79987605
3589.10575658
3598.41312099
3607.72197008
3617.03230466
3626.34412552
3635.65743347
3644.97222931
3654.28851385
3663.60628788
3672.92555222
3682.24630766
3691.56855503
3700.89229512
3710.21752874
3719.54425670
3728.87247982
3738.20219889
3747.53341474
3756.86612818
3766.20034001
3775.53605106
3784.87326213
3794.21197404
3803.55218761
3812.89390365
3822.23712299
3831.58184643
3840.92807480
3850.27580892
3859.62504961
3868.97579768
3878.32805397
3887.68181928
3897.03709446
3906.39388032
3915.75217768
3925.11198737
3934.47331023
3943.83614707
3953.20049872
3962.56636601
3971.93374978
3981.30265085
3990.67307005
4000.04500822
4009.41846618
4018.79344478
4028.16994484
4037.54796721
4046.92751271
4056.30858218
4065.69117647
4075.07529640
4084.46094282
4093.84811657
4103.23681849
4112.62704942
4122.01881020
4131.41210167
4140.80692468
4150.20328008
4159.60116870
4169.00059140
4178.40154902
4187.80404241
4197.20807241
4206.61363988
4216.02074567
4225.42939063
4234.83957560
4244.25130145
4253.66456902
4263.07937917
4272.49573276
4281.91363063
4291.33307365
4300.75406268
4310.17659857
4319.60068218
4329.02631437
4338.45349600
4347.88222793
4357.31251103
4366.74434615
4376.17773417
4385.61267595
4395.04917235
4404.48722423
4413.92683247
4423.36799794
4432.81072150
4442.25500402
4451.70084637
4461.14824943
4470.59721406
4480.04774114
4489.49983155
4498.95348615
4508.40870583
4517.86549145
4527.32384391
4536.78376406
4546.24525280
4555.70831101
4565.17293955
4574.63913932
4584.10691120
4593.57625607
4603.04717481
4612.51966832
4621.99373746
4631.46938314
4640.94660623
4650.42540763
4659.90578823
4669.38774891
4678.87129057
4688.35641410
4697.84312038
4707.33141032
4716.82128480
4726.31274473
4735.80579100
4745.30042450
4754.79664613
4764.29445679
4773.79385739
4783.29484881
4792.79743197
4802.30160776
4811.80737708
4821.31474085
4830.82369996
4840.33425532
4849.84640784
4859.36015842
4868.87550797
4878.39245740
4887.91100762
4897.43115955
4906.95291408
4916.47627214
4926.00123464
4935.52780250
4945.05597662
4954.58575792
4964.11714733
4973.65014575
4983.18475412
4992.72097333
5002.25880433
5011.79824803
5021.33930534
5030.88197721
5040.42626454
5049.97216826
5059.51968930
5069.06882859
5078.61958706
5088.17196562
5097.72596522
5107.28158679
5116.83883124
5126.39769952
5135.95819257
5145.52031130
5155.08405667
5164.64942960
5174.21643103
5183.78506190
5193.35532314
5202.92721571
5212.50074053
5222.07589856
5231.65269072
5241.23111797
5250.81118126
5260.39288151
5269.97621969
5279.56119673
5289.14781359
5298.73607122
5308.32597056
5317.91751257
5327.51069819
5337.10552838
5346.70200410
5356.30012629
5365.89989592
5375.50131394
5385.10438131
5394.70909898
5404.31546792
5413.92348908
5423.53316343
5433.14449193
5442.75747554
5452.37211523
5461.98841196
5471.60636669
5481.22598040
5490.84725405
5500.47018861
5510.09478506
5519.72104435
5529.34896747
5538.97855538
5548.60980906
5558.24272949
5567.87731764
5577.51357448
5587.15150100
5596.79109817
5606.43236697
5616.07530839
5625.71992340
5635.36621298
5645.01417813
5654.66381982
5664.31513904
5673.96813678
5683.62281403
5693.27917176
5702.93721098
5712.59693267
5722.25833783
5731.92142744
5741.58620250
5751.25266400
5760.92081295
5770.59065033
5780.26217714
5789.93539439
5799.61030306
5809.28690417
5818.96519871
5828.64518769
5838.32687211
5848.01025297
5857.69533127
5867.38210804
5877.07058426
5886.76076096
5896.45263914
5906.14621981
5915.84150398
5925.53849267
5935.23718689
5944.93758765
5954.63969598
5964.34351288
5974.04903937
5983.75627648
5993.46522522
6003.17588661
6012.88826168
6022.60235145
6032.31815694
6042.03567918
6051.75491920
6061.47587801
6071.19855666
6080.92295616
6090.64907755
6100.37692186
6110.10649013
6119.83778338
6129.57080265
6139.30554897
6149.04202339
6158.78022694
6168.52016066
6178.26182559
6188.00522277
6197.75035324
6207.49721804
6217.24581823
6226.99615483
6236.74822891
6246.50204150
6256.25759367
6266.01488644
6275.77392088
6285.53469804
6295.29721897
6305.06148472
6314.82749636
6324.59525492
6334.36476148
6344.13601709
6353.90902280
6363.68377969
6373.46028881
6383.23855122
6393.01856799
6402.80034017
6412.58386885
6422.36915508
6432.15619993
6441.94500448
6451.73556979
6461.52789692
6471.32198697
6481.11784099
6490.91546007
6500.71484528
6510.51599769
6520.31891839
6530.12360845
6539.93006895
6549.73830098
6559.54830562
6569.36008395
6579.17363705
6588.98896602
6598.80607194
6608.62495589
6618.44561897
6628.26806227
6638.09228687
6647.91829388
6657.74608438
6667.57565948
6677.40702026
6687.24016782
6697.07510326
6706.91182769
6716.75034220
6726.59064789
6736.43274587
6746.27663725
6756.12232311
6765.96980459
6775.81908277
6785.67015878
6795.52303371
6805.37770869
6815.23418482
6825.09246322
6834.95254500
6844.81443128
6854.67812317
6864.54362179
6874.41092827
6884.28004373
6894.15096927
6904.02370604
6913.89825515
6923.77461772
6933.65279489
6943.53278779
6953.41459753
6963.29822525
6973.18367209
6983.07093917
6992.96002763
7002.85093860
7012.74367323
7022.63823264
7032.53461797
7042.43283037
7052.33287098
7062.23474094
7072.13844138
7082.04397347
7091.95133833
7101.86053713
7111.77157100
7121.68444111
7131.59914858
7141.51569459
7151.43408029
7161.35430681
7171.27637534
7181.20028701
7191.12604299
7201.05364444
7210.98309252
7220.91438838
7230.84753320
7240.78252814
7250.71937436
7260.65807303
7270.59862532
7280.54103240
7290.48529543
7300.43141560
7310.37939407
7320.32923201
7330.28093061
7340.23449104
7350.18991447
7360.14720210
7370.10635509
7380.06737463
7390.03026191
7399.99501811
7409.96164441
7419.93014200
7429.90051207
7439.87275581
7449.84687441
7459.82286906
7469.80074096
7479.78049130
7489.76212127
7499.74563209
7509.73102493
7519.71830101
7529.70746152
7539.69850767
7549.69144066
7559.68626170
7569.68297199
7579.68157275
7589.68206517
7599.68445047
7609.68872987
7619.69490457
7629.70297579
7639.71294475
7649.72481266
7659.73858075
7669.75425022
7679.77182231
7689.79129823
7699.81267922
7709.83596648
7719.86116126
7729.88826477
7739.91727825
7749.94820293
7759.98104004
7770.01579082
7780.05245649
7790.09103829
7800.13153747
7810.17395525
7820.21829289
7830.26455162
7840.31273268
7850.36283731
7860.41486677
7870.46882230
7880.52470515
7890.58251657
7900.64225781
7910.70393012
7920.76753475
7930.83307296
7940.90054601
7950.96995516
7961.04130166
7971.11458677
7981.18981176
7991.26697789
8001.34608642
8011.42713863
8021.51013578
8031.59507913
8041.68196997
8051.77080955
8061.86159916
8071.95434006
8082.04903355
8092.14568088
8102.24428335
8112.34484223
8122.44735880
8132.55183435
8142.65827016
8152.76666752
8162.87702771
8172.98935203
8183.10364177
8193.21989821
8203.33812265
8213.45831639
8223.58048072
8233.70461694
8243.83072635
8253.95881025
8264.08886994
8274.22090672
8284.35492190
8294.49091679
8304.62889270
8314.76885092
8324.91079278
8335.05471959
8345.20063266
8355.34853331
8365.49842285
8375.65030260
8385.80417388
8395.96003801
8406.11789632
8416.27775012
8426.43960075
8436.60344954
8446.76929780
8456.93714688
8467.10699810
8477.27885279
8487.45271230
8497.62857795
8507.80645109
8517.98633305
8528.16822518
8538.35212881
8548.53804530
8558.72597598
8568.91592221
8579.10788533
8589.30186669
8599.49786764
8609.69588955
8619.89593375
8630.09800161
8640.30209449
8650.50821374
8660.71636072
8670.92653680
8681.13874335
8691.35298172
8701.56925329
8711.78755942
8722.00790148
8732.23028085
8742.45469889
8752.68115699
8762.90965651
8773.14019885
8783.37278537
8793.60741746
8803.84409650
8814.08282388
8824.32360097
8834.56642918
8844.81130988
8855.05824448
8865.30723435
8875.55828090
8885.81138552
8896.06654961
8906.32377457
8916.58306179
8926.84441268
8937.10782865
8947.37331109
8957.64086142
8967.91048104
8978.18217137
8988.45593381
8998.73176978
9009.00968069
9019.28966797
9029.57173303
9039.85587728
9050.14210215
9060.43040907
9070.72079946
9081.01327475
9091.30783636
9101.60448572
9111.90322427
9122.20405344
9132.50697466
9142.81198937
9153.11909901
9163.42830502
9173.73960884
9184.05301191
9194.36851569
9204.68612160
9215.00583112
9225.32764567
9235.65156673
9245.97759573
9256.30573413
9266.63598340
9276.96834499
9287.30282036
9297.63941097
9307.97811829
9318.31894378
9328.66188891
9339.00695515
9349.35414397
9359.70345684
9370.05489523
9380.40846062
9390.76415450
9401.12197833
9411.48193360
9421.84402180
9432.20824440
9442.57460289
9452.94309877
9463.31373352
9473.68650863
9484.06142560
9494.43848592
9504.81769109
9515.19904260
9525.58254197
9535.96819068
9546.35599025
9556.74594218
9567.13804798
9577.53230915
9587.92872721
9598.32730368
9608.72804006
9619.13093788
9629.53599864
9639.94322388
9650.35261512
9660.76417387
9671.17790167
9681.59380003
9692.01187050
9702.43211461
9712.85453387
9723.27912984
9733.70590404
9744.13485802
9754.56599332
9764.99931147
9775.43481403
9785.87250253
9796.31237853
9806.75444358
9817.19869923
9827.64514702
9838.09378852
9848.54462529
9858.99765888
9869.45289085
9879.91032277
9890.36995620
9900.83179270
9911.29583385
9921.76208122
9932.23053638
9942.70120090
9953.17407636
9963.64916434
9974.12646641
9984.60598417
9995.08771918
10005.57167305
10016.05784735
10026.54624367
10037.03686361
10047.52970877
10058.02478072
10068.52208109
10079.02161145
10089.52337341
10100.02736859
10110.53359857
10121.04206497
10131.55276940
10142.06571347
10152.58089879
10163.09832698
10173.61799964
10184.13991842
10194.66408491
10205.19050075
10215.71916756
10226.25008696
10236.78326060
10247.31869008
10257.85637706
10268.39632317
10278.93853003
10289.48299929
10300.02973260
10310.57873159
10321.12999790
10331.68353319
10342.23933911
10352.79741730
10363.35776942
10373.92039713
10384.48530207
10395.05248591
10405.62195032
10416.19369694
10426.76772746
10437.34404353
10447.92264683
10458.50353903
10469.08672180
10479.67219681
10490.25996575
10500.85003029
10511.44239212
10522.03705292
10532.63401438
10543.23327817
10553.83484601
10564.43871957
10575.04490055
10585.65339065
10596.26419157
10606.87730500
10617.49273265
10628.11047623
10638.73053745
10649.35291800
10659.97761961
10670.60464398
10681.23399284
10691.86566790
10702.49967088
10713.13600350
10723.77466749
10734.41566458
10745.05899648
10755.70466494
10766.35267169
10777.00301846
10787.65570699
10798.31073901
10808.96811628
10819.62784054
10830.28991352
10840.95433698
10851.62111267
10862.29024235
10872.96172776
10883.63557067
10894.31177283
10904.99033601
10915.67126197
10926.35455248
10937.04020930
10947.72823420
10958.41862896
10969.11139536
10979.80653517
10990.50405016
11001.20394213
11011.90670400
11022.61278386
11033.32213973
11044.03473504
11054.75053793
11065.46952068
11076.19165920
11086.91693256
11097.64532263
11108.37681371
11119.11139225
11129.84904657
11140.58976661
11151.33354378
11162.08037073
11172.83024124
11183.58315003
11194.33909268
11205.09806554
11215.86006557
11226.62509033
11237.39313788
11248.16420672
11258.93829574
11269.71540415
11280.49553147
11291.27867749
11302.06484222
11312.85402587
11323.64622882
11334.44145162
11345.23969494
11356.04095958
11366.84524645
11377.65255653
11388.46289090
11399.27625071
11410.09263716
11420.91205153
11431.73449511
11442.55996927
11453.38847539
11464.22001491
11475.05458927
11485.89219996
11496.73284848
11507.57653635
11518.42326512
11529.27303634
11540.12585157
11550.98171242
11561.84062046
11572.70257730
11583.56758456
11594.43564387
11605.30675683
11616.18092510
11627.05815031
11637.93843411
11648.82177815
11659.70818409
11670.59765357
11681.49018828
11692.38578986
11703.28446000
11714.18620036
11725.09101262
11735.99889845
11746.90985955
11757.82389758
11768.74101423
11779.66121119
11790.58449015
11801.51085280
11812.44030083
11823.37283594
11834.30845981
11845.24717416
11856.18898067
11867.13388104
11878.08187699
11889.03297021
11899.98716241
11910.94445529
11921.90485057
11932.86834996
11943.83495516
11954.80466788
11965.77748985
11976.75342278
11987.73246839
11998.71462838
12009.69990450
12020.68829844
12031.67981195
12042.67444674
12053.67220453
12064.67308707
12075.67709606
12086.68423325
12097.69450036
12108.70789913
12119.72443129
12130.74409858
12141.76690274
12152.79284549
12163.82192859
12174.85415377
12185.88952278
12196.92803735
12207.96969924
12219.01451019
12230.06247195
12241.11358627
12252.16785490
12263.22527959
12274.28586210
12285.34960418
12296.41650759
12307.48657408
12318.55980542
12329.63620336
12340.71576967
12351.79850612
12362.88441446
12373.97349646
12385.06575390
12396.16118854
12407.25980215
12418.36159650
12429.46657337
12440.57473453
12451.68608177
12462.80061684
12473.91834155
12485.03925766
12496.16336697
12507.29067124
12518.42117228
12529.55487186
12540.69177177
12551.83187380
12562.97517975
12574.12169141
12585.27141056
12596.42433901
12607.58047855
12618.73983098
12629.90239810
12641.06818171
12652.23718361
12663.40940561
12674.58484951
12685.76351712
12696.94541025
12708.13053070
12719.31888030
12730.51046084
12741.70527415
12752.90332205
12764.10460634
12775.30912885
12786.51689139
12797.72789580
12808.94214389
12820.15963748
12831.38037841
12842.60436850
12853.83160958
12865.06210348
12876.29585203
12887.53285706
12898.77312042
12910.01664393
12921.26342944
12932.51347878
12943.76679380
12955.02337634
12966.28322824
12977.54635134
12988.81274750
13000.08241856
13011.35536637
13022.63159279
13033.91109967
13045.19388885
13056.47996221
13067.76932159
13079.06196885
13090.35790586
13101.65713448
13112.95965656
13124.26547398
13135.57458860
13146.88700230
13158.20271693
13169.52173437
13180.84405650
13192.16968519
13203.49862231
13214.83086974
13226.16642936
13237.50530305
13248.84749269
13260.19300017
13271.54182737
13282.89397618
13294.24944849
13305.60824617
13316.97037114
13328.33582527
13339.70461047
13351.07672863
13362.45218164
13373.83097141
13385.21309984
13396.59856882
13407.98738027
13419.37953608
13430.77503816
13442.17388843
13453.57608879
13464.98164115
13476.39054743
13487.80280954
13499.21842940
13510.63740892
13522.05975003
13533.48545464
13544.91452468
13556.34696207
13567.78276874
13579.22194661
13590.66449761
13602.11042368
13613.55972675
13625.01240874
13636.46847160
13647.92791725
13659.39074765
13670.85696473
13682.32657042
13693.79956668
13705.27595545
13716.75573867
13728.23891830
13739.72549628
13751.21547456
13762.70885510
13774.20563984
13785.70583076
13797.20942980
13808.71643892
13820.22686008
13831.74069525
13843.25794640
13854.77861547
13866.30270446
13877.83021531
13889.36115001
13900.89551052
13912.43329882
13923.97451688
13935.51916669
13947.06725022
13958.61876944
13970.17372635
13981.73212293
13993.29396116
14004.85924302
14016.42797051
14028.00014562
14039.57577034
14051.15484666
14062.73737657
14074.32336208
14085.91280519
14097.50570788
14109.10207217
14120.70190006
14132.30519355
14143.91195465
14155.52218537
14167.13588772
14178.75306370
14190.37371534
14201.99784465
14213.62545364
14225.25654434
14236.89111876
14248.52917893
14260.17072686
14271.81576459
14283.46429414
14295.11631754
14306.77183682
14318.43085401
14330.09337114
14341.75939026
14353.42891339
14365.10194258
14376.77847986
14388.45852729
14400.14208689
14411.82916072
14423.51975083
14435.21385926
14446.91148807
14458.61263930
14470.31731501
14482.02551725
14493.73724809
14505.45250959
14517.17130379
14528.89363278
14540.61949860
14552.34890333
14564.08184903
14575.81833777
14587.55837163
14599.30195268
14611.04908299
14622.79976464
14634.55399970
14646.31179026
14658.07313840
14669.83804620
14681.60651575
14693.37854913
14705.15414843
14716.93331574
14728.71605316
14740.50236277
14752.29224668
14764.08570698
14775.88274577
14787.68336514
14799.48756722
14811.29535408
14823.10672786
14834.92169064
14846.74024454
14858.56239168
14870.38813416
14882.21747410
14894.05041362
14905.88695484
14917.72709987
14929.57085083
14941.41820986
14953.26917908
14965.12376061
14976.98195659
14988.84376913
15000.70920039
15012.57825249
15024.45092757
15036.32722776
15048.20715521
15060.09071205
15071.97790044
15083.86872252
15095.76318042
15107.66127632
15119.56301234
15131.46839065
15143.37741340
15155.29008275
15167.20640085
15179.12636986
15191.04999195
15202.97726928
15214.90820402
15226.84279832
15238.78105437
15250.72297433
15262.66856037
15274.61781466
15286.57073940
15298.52733674
15310.48760888
15322.45155799
15334.41918626
15346.39049586
15358.36548900
15370.34416786
15382.32653463
15394.31259150
15406.30234067
15418.29578433
15430.29292469
15442.29376393
15454.29830427
15466.30654791
15478.31849705
15490.33415391
15502.35352068
15514.37659959
15526.40339284
15538.43390266
15550.46813125
15562.50608083
15574.54775364
15586.59315188
15598.64227779
15610.69513359
15622.75172151
15634.81204378
15646.87610263
15658.94390029
15671.01543900
15683.09072101
15695.16974854
15707.25252384
15719.33904915
15731.42932672
15743.52335879
15755.62114762
15767.72269546
15779.82800455
15791.93707716
15804.04991554
15816.16652194
15828.28689864
15840.41104788
15852.53897195
15864.67067309
15876.80615358
15888.94541570
15901.08846171
15913.23529388
15925.38591450
15937.54032583
15949.69853017
15961.86052979
15974.02632697
15986.19592401
15998.36932319
16010.54652679
16022.72753711
16034.91235645
16047.10098710
16059.29343135
16071.48969150
16083.68976987
16095.89366874
16108.10139043
16120.31293724
16132.52831148
16144.74751546
16156.97055150
16169.19742191
16181.42812900
16193.66267510
16205.90106253
16218.14329360
16230.38937066
16242.63929601
16254.89307199
16267.15070093
16279.41218517
16291.67752703
16303.94672886
16316.21979300
16328.49672177
16340.77751754
16353.06218264
16365.35071941
16377.64313022
16389.93941740
16402.23958331
16414.54363031
16426.85156075
16439.16337700
16451.47908140
16463.79867633
16476.12216415
16488.44954723
16500.78082793
16513.11600863
16525.45509170
16537.79807951
16550.14497444
16562.49577887
16574.85049519
16587.20912577
16599.57167300
16611.93813926
16624.30852695
16636.68283846
16649.06107618
16661.44324251
16673.82933983
16686.21937057
16698.61333710
16711.01124184
16723.41308720
16735.81887557
16748.22860938
16760.64229103
16773.05992294
16785.48150752
16797.90704718
16810.33654436
16822.77000147
16835.20742094
16847.64880519
16860.09415666
16872.54347776
16884.99677094
16897.45403863
16909.91528326
16922.38050728
16934.84971312
16947.32290323
16959.80008006
16972.28124605
16984.76640364
16997.25555530
17009.74870347
17022.24585061
17034.74699918
17047.25215164
17059.76131045
17072.27447808
17084.79165698
17097.31284963
17109.83805850
17122.36728606
17134.90053479
17147.43780716
17159.97910565
17172.52443275
17185.07379093
17197.62718268
17210.18461049
17222.74607685
17235.31158425
17247.88113518
17260.45473214
17273.03237763
17285.61407415
17298.19982420
17310.78963029
17323.38349491
17335.98142059
17348.58340983
17361.18946514
17373.79958905
17386.41378406
17399.03205270
17411.65439750
17424.28082096
17436.91132563
17449.54591402
17462.18458868
17474.82735212
17487.47420689
17500.12515553
17512.78020057
17525.43934456
17538.10259003
17550.76993954
17563.44139563
17576.11696086
17588.79663777
17601.48042892
17614.16833686
17626.86036417
17639.55651339
17652.25678709
17664.96118784
17677.66971821
17690.38238075
17703.09917806
17715.82011270
17728.54518725
17741.27440428
17754.00776638
17766.74527614
17779.48693613
17792.23274895
17804.98271719
17817.73684344
17830.49513029
17843.25758034
17856.02419619
17868.79498044
17881.56993569
17894.34906456
17907.13236964
17919.91985355
17932.71151891
17945.50736832
17958.30740441
17971.11162978
17983.92004708
17996.73265891
18009.54946791
18022.37047670
18035.19568791
18048.02510418
18060.85872815
18073.69656245
18086.53860971
18099.38487259
18112.23535372
18125.09005576
18137.94898135
18150.81213315
18163.67951380
18176.55112596
18189.42697230
18202.30705547
18215.19137813
18228.07994296
18240.97275261
18253.86980975
18266.77111707
18279.67667723
18292.58649291
18305.50056679
18318.41890155
18331.34149987
18344.26836445
18357.19949796
18370.13490310
18383.07458256
18396.01853904
18408.96677523
18421.91929384
18434.87609756
18447.83718911
18460.80257118
18473.77224649
18486.74621775
18499.72448768
18512.70705898
18525.69393438
18538.68511660
18551.68060836
18564.68041239
18577.68453141
18590.69296816
18603.70572538
18616.72280578
18629.74421212
18642.76994713
18655.80001356
18668.83441414
18681.87315163
18694.91622878
18707.96364833
18721.01541305
18734.07152568
18747.13198900
18760.19680575
18773.26597870
18786.33951062
18799.41740428
18812.49966245
18825.58628790
18838.67728340
18851.77265175
18864.87239571
18877.97651806
18891.08502161
18904.19790912
18917.31518340
18930.43684723
18943.56290341
18956.69335475
18969.82820403
18982.96745406
18996.11110764
19009.25916759
19022.41163671
19035.56851781
19048.72981371
19061.89552723
19075.06566118
19088.24021839
19101.41920168
19114.60261387
19127.79045781
19140.98273631
19154.17945222
19167.38060836
19180.58620759
19193.79625273
19207.01074664
19220.22969216
19233.45309213
19246.68094942
19259.91326687
19273.15004734
19286.39129370
19299.63700879
19312.88719549
19326.14185665
19339.40099516
19352.66461388
19365.93271568
19379.20530344
19392.48238004
19405.76394836
19419.05001129
19432.34057170
19445.63563250
19458.93519656
19472.23926679
19485.54784608
19498.86093732
19512.17854343
19525.50066730
19538.82731184
19552.15847996
19565.49417456
19578.83439857
19592.17915490
19605.52844647
19618.88227620
19632.24064701
19645.60356184
19658.97102360
19672.34303524
19685.71959967
19699.10071986
19712.48639872
19725.87663920
19739.27144425
19752.67081682
19766.07475984
19779.48327629
19792.89636910
19806.31404123
19819.73629566
19833.16313533
19846.59456321
19860.03058228
19873.47119549
19886.91640583
19900.36621627
19913.82062977
19927.27964934
19940.74327794
19954.21151857
19967.68437420
19981.16184784
19994.64394247
20008.13066110
20021.62181730
20035.11725723
20048.61703278
20062.12119098
20075.62977451
20089.14282213
20102.66036904
20116.18244726
20129.70908593
20143.24031161
20156.77614854
20170.31661883
20183.86174273
20197.41153877
20210.96602395
20224.52521388
20238.08912294
20251.65776437
20265.23115040
20278.80929237
20292.39220077
20305.97988537
20319.57235527
20333.16961896
20346.77168439
20360.37855904
20373.99024993
20387.60676370
20401.22810661
20414.85428463
20428.48530342
20442.12116838
20455.76188468
20469.40745728
20483.05789094
20496.71319026
20510.37335968
20524.03840351
20537.70832591
20551.38313095
20565.06282259
20578.74740470
20592.43688107
20606.13125541
20619.83053137
20633.53471254
20647.24380245
20660.95780458
20674.67672239
20688.40055927
20702.12931860
20715.86300371
20729.60161790
20743.34516448
20757.09364669
20770.84706779
20784.60543099
20798.36873951
20812.13699654
20825.91020527
20839.68836886
20853.47149048
20867.25957329
20881.05262043
20894.85063503
20908.65362025
20922.46157919
20936.27451499
20950.09243078
20963.91532966
20977.74321475
20991.57608918
21005.41395605
21019.25681847
21033.10467955
21046.95754241
21060.81541015
21074.67828589
21088.54617272
21102.41907378
21116.29699215
21130.17993097
21144.06789333
21157.96088235
21171.85890116
21185.76195285
21199.67004056
21213.58316740
21227.50133649
21241.42455096
21255.35281392
21269.28612851
21283.22449785
21297.16792507
21311.11641331
21325.06996569
21339.02858535
21352.99227543
21366.96103907
21380.93487941
21394.91379960
21408.89780277
21422.88689209
21436.88107069
21450.88034174
21464.88470838
21478.89417378
21492.90874109
21506.92841347
21520.95319410
21534.98308613
21549.01809273
21563.05821707
21577.10346233
21591.15383169
21605.20932831
21619.26995538
21633.33571609
21647.40661361
21661.48265113
21675.56383185
21689.65015895
21703.74163563
21717.83826509
21731.94005052
21746.04699513
21760.15910211
21774.27637468
21788.39881604
21802.52642940
21816.65921798
21830.79718499
21844.94033365
21859.08866717
21873.24218879
21887.40090173
21901.56480921
21915.73391446
21929.90822071
21944.08773121
21958.27244918
21972.46237787
21986.65752051
22000.85788036
22015.06346065
22029.27426463
22043.49029557
22057.71155670
22071.93805129
22086.16978259
22100.40675387
22114.64896839
22128.89642941
22143.14914020
22157.40710403
22171.67032418
22185.93880392
22200.21254652
22214.49155527
22228.77583345
22243.06538434
22257.36021124
22271.66031742
22285.96570618
22300.27638082
22314.59234464
22328.91360092
22343.24015298
22357.57200412
22371.90915764
22386.25161685
22400.59938507
22414.95246560
22429.31086177
22443.67457689
22458.04361428
22472.41797726
22486.79766917
22501.18269333
22515.57305306
22529.96875171
22544.36979261
22558.77617909
22573.18791449
22587.60500217
22602.02744545
22616.45524770
22630.88841226
22645.32694247
22659.77084171
22674.22011332
22688.67476066
22703.13478710
22717.60019599
22732.07099071
22746.54717463
22761.02875111
22775.51572354
22790.00809528
22804.50586972
22819.00905023
22833.51764020
22848.03164302
22862.55106208
22877.07590076
22891.60616246
22906.14185057
22920.68296850
22935.22951964
22949.78150740
22964.33893518
22978.90180639
22993.47012444
23008.04389274
23022.62311471
23037.20779377
23051.79793333
23066.39353682
23080.99460766
23095.60114929
23110.21316512
23124.83065859
23139.45363314
23154.08209220
23168.71603922
23183.35547763
23198.00041088
23212.65084241
23227.30677568
23241.96821413
23256.63516122
23271.30762041
23285.98559516
23300.66908891
23315.35810515
23330.05264734
23344.75271893
23359.45832342
23374.16946426
23388.88614493
23403.60836892
23418.33613969
23433.06946075
23447.80833556
23462.55276763
23477.30276043
23492.05831746
23506.81944222
23521.58613821
23536.35840892
23551.13625785
23565.91968852
23580.70870442
23595.50330908
23610.30350599
23625.10929868
23639.92069066
23654.73768544
23669.56028657
23684.38849755
23699.22232191
23714.06176318
23728.90682490
23743.75751059
23758.61382380
23773.47576806
23788.34334691
23803.21656390
23818.09542258
23832.97992648
23847.87007916
23862.76588418
23877.66734509
23892.57446545
23907.48724881
23922.40569875
23937.32981882
23952.25961259
23967.19508364
23982.13623554
23997.08307185
24012.03559616
24026.99381206
24041.95772311
24056.92733290
24071.90264503
24086.88366307
24101.87039063
24116.86283129
24131.86098865
24146.86486632
24161.87446788
24176.88979696
24191.91085714
24206.93765204
24221.97018528
24237.00846045
24252.05248119
24267.10225110
24282.15777382
24297.21905295
24312.28609213
24327.35889498
24342.43746513
24357.52180622
24372.61192187
24387.70781574
24402.80949145
24417.91695265
24433.03020298
24448.14924609
24463.27408563
24478.40472524
24493.54116859
24508.68341933
24523.83148111
24538.98535761
24554.14505247
24569.31056937
24584.48191197
24599.65908395
24614.84208898
24630.03093073
24645.22561288
24660.42613910
24675.63251309
24690.84473853
24706.06281910
24721.28675849
24736.51656039
24751.75222850
24766.99376651
24782.24117813
24797.49446705
24812.75363697
24828.01869161
24843.28963466
24858.56646985
24873.84920087
24889.13783146
24904.43236532
24919.73280617
24935.03915774
24950.35142375
24965.66960792
24980.99371399
24996.32374569
25011.65970675
25027.00160091
25042.34943189
25057.70320346
25073.06291934
25088.42858329
25103.80019904
25119.17777036
25134.56130098
25149.95079468
25165.34625520
25180.74768629
25196.15509174
25211.56847529
25226.98784071
25242.41319177
25257.84453224
25273.28186590
25288.72519652
25304.17452787
25319.62986374
25335.09120791
25350.55856415
25366.03193627
25381.51132804
25396.99674326
25412.48818572
25427.98565922
25443.48916755
25458.99871451
25474.51430391
25490.03593956
25505.56362524
25521.09736479
25536.63716200
25552.18302069
25567.73494468
25583.29293778
25598.85700382
25614.42714661
25630.00336999
25645.58567777
25661.17407379
25676.76856188
25692.36914588
25707.97582961
25723.58861691
25739.20751163
25754.83251761
25770.46363869
25786.10087873
25801.74424156
25817.39373103
25833.04935102
25848.71110536
25864.37899791
25880.05303254
25895.73321311
25911.41954349
25927.11202753
25942.81066910
25958.51547209
25974.22644035
25989.94357777
26005.66688822
26021.39637559
26037.13204374
26052.87389658
26068.62193798
26084.37617182
26100.13660201
26115.90323243
26131.67606698
26147.45510955
26163.24036404
26179.03183436
26194.82952439
26210.63343806
26226.44357927
26242.25995192
26258.08255993
26273.91140721
26289.74649767
26305.58783524
26321.43542382
26337.28926736
26353.14936975
26369.01573494
26384.88836686
26400.76726942
26416.65244656
26432.54390222
26448.44164033
26464.34566483
26480.25597966
26496.17258876
26512.09549607
26528.02470555
26543.96022114
26559.90204678
26575.85018644
26591.80464406
26607.76542361
26623.73252903
26639.70596430
26655.68573336
26671.67184020
26687.66428876
26703.66308302
26719.66822696
26735.67972453
26751.69757972
26767.72179650
26783.75237885
26799.78933074
26815.83265617
26831.88235911
26847.93844355
26864.00091347
26880.06977287
26896.14502574
26912.22667606
26928.31472784
26944.40918507
26960.51005175
26976.61733188
26992.73102947
27008.85114851
27024.97769301
27041.11066699
27057.25007444
27073.39591939
27089.54820585
27105.70693783
27121.87211935
27138.04375442
27154.22184708
27170.40640133
27186.59742122
27202.79491075
27218.99887397
27235.20931489
27251.42623756
27267.64964601
27283.87954426
27300.11593636
27316.35882635
27332.60821827
27348.86411615
27365.12652404
27381.39544600
27397.67088606
27413.95284827
27430.24133669
27446.53635536
27462.83790835
27479.14599971
27495.46063349
27511.78181375
27528.10954456
27544.44382998
27560.78467407
27577.13208089
27593.48605452
27609.84659902
27626.21371847
27642.58741693
27658.96769849
27675.35456721
27691.74802717
27708.14808246
27724.55473714
27740.96799531
27757.38786105
27773.81433843
27790.24743156
27806.68714451
27823.13348137
27839.58644625
27856.04604322
27872.51227638
27888.98514983
27905.46466767
27921.95083399
27938.44365290
27954.94312849
27971.44926486
27987.96206613
28004.48153640
28021.00767977
28037.54050036
28054.08000227
28070.62618961
28087.17906650
28103.73863706
28120.30490539
28136.87787561
28153.45755185
28170.04393822
28186.63703884
28203.23685784
28219.84339933
28236.45666745
28253.07666632
28269.70340007
28286.33687282
28302.97708871
28319.62405187
28336.27776642
28352.93823651
28369.60546627
28386.27945984
28402.96022134
28419.64775493
28436.34206473
28453.04315490
28469.75102958
28486.46569290
28503.18714901
28519.91540206
28536.65045619
28553.39231556
28570.14098431
28586.89646659
28603.65876655
28620.42788834
28637.20383613
28653.98661406
28670.77622628
28687.57267696
28704.37597025
28721.18611031
28738.00310130
28754.82694739
28771.65765272
28788.49522147
28805.33965779
28822.19096586
28839.04914984
28855.91421388
28872.78616217
28889.66499887
28906.55072815
28923.44335417
28940.34288111
28957.24931314
28974.16265443
28991.08290915
29008.01008148
29024.94417560
29041.88519567
29058.83314588
29075.78803040
29092.74985341
29109.71861909
29126.69433161
29143.67699517
29160.66661393
29177.66319208
29194.66673380
29211.67724327
29228.69472468
29245.71918221
29262.75062004
29279.78904237
29296.83445337
29313.88685724
29330.94625815
29348.01266030
29365.08606787
29382.16648506
29399.25391604
29416.34836502
29433.44983618
29450.55833371
29467.67386180
29484.79642464
29501.92602643
29519.06267135
29536.20636360
29553.35710738
29570.51490686
29587.67976626
29604.85168976
29622.03068155
29639.21674584
29656.40988681
29673.61010865
29690.81741558
29708.03181177
29725.25330143
29742.48188875
29759.71757793
29776.96037316
29794.21027864
29811.46729857
29828.73143714
29846.00269855
29863.28108700
29880.56660667
29897.85926178
29915.15905652
29932.46599508
29949.78008166
29967.10132045
29984.42971566
30001.76527148
30019.10799211
30036.45788174
30053.81494457
30071.17918480
30088.55060662
30105.92921423
30123.31501183
30140.70800361
30158.10819376
30175.51558648
30192.93018597
30210.35199642
30227.78102203
30245.21726698
30262.66073548
30280.11143171
30297.56935988
30315.03452416
30332.50692876
30349.98657787
30367.47347567
30384.96762637
30402.46903414
30419.97770318
30437.49363768
30455.01684183
30472.54731981
30490.08507581
30507.63011403
30525.18243864
30542.74205383
30560.30896380
30577.88317271
30595.46468476
30613.05350413
30630.64963500
30648.25308155
30665.86384796
30683.48193842
30701.10735710
30718.74010818
30736.38019584
30754.02762425
30771.68239759
30789.34452004
30807.01399576
30824.69082893
30842.37502372
30860.06658431
30877.76551485
30895.47181953
30913.18550250
30930.90656793
30948.63501999
30966.37086284
30984.11410064
31001.86473756
31019.62277776
31037.38822538
31055.16108460
31072.94135956
31090.72905443
31108.52417334
31126.32672047
31144.13669995
31161.95411594
31179.77897258
31197.61127402
31215.45102440
31233.29822787
31251.15288857
31269.01501064
31286.88459821
31304.76165543
31322.64618642
31340.53819532
31358.43768626
31376.34466337
31394.25913079
31412.18109262
31430.11055301
31448.04751606
31465.99198591
31483.94396666
31501.90346244
31519.87047736
31537.84501553
31555.82708106
31573.81667806
31591.81381064
31609.81848290
31627.83069894
31645.85046286
31663.87777876
31681.91265074
31699.95508288
31718.00507928
31736.06264402
31754.12778119
31772.20049488
31790.28078916
31808.36866812
31826.46413583
31844.56719636
31862.67785378
31880.79611216
31898.92197558
31917.05544808
31935.19653373
31953.34523659
31971.49708563
31989.63988432
32007.75871896
32025.76150196
32043.56395196
32061.16359498
32078.55811490
32095.74534006
32112.72323116
32129.50492410
32146.09459810
32162.48869204
32178.68386968
32194.67700228
32210.46515265
32226.04556053
32241.41562923
32256.57291331
32271.51510739
32286.24003580
32300.74564316
32315.02998571
32329.09122333
32342.92761230
32356.53749858
32369.91931167
32383.07155897
32395.99282060
32408.68174464
32421.13704275
32433.35748616
32445.34190191
32457.08916952
32468.59821779
32479.86802192
32490.89760084
32501.68601479
32512.23236299
32522.53578157
32532.59544164
32542.41054751
32551.98033500
32561.30406997
32570.38104681
32579.21058724
32587.79203900
32596.12477477
32604.20819111
32612.04170750
32619.62476541
32626.95682748
32634.03737673
32640.86591582
32647.44196640
32653.76506845
32659.83477966
32665.65067494
32671.21234585
32676.51940013
32681.57146122
32686.36816787
32690.90917368
32695.19414676
32699.22276935
32702.99473746
32706.50976059
32709.76756136
32712.76787524
32715.51045030
32717.99504687
32720.22143733
32722.18940584
32723.89553201
32725.33903932
32726.52092488
32727.44197532
32728.10277199
32728.50369474
32728.64492882
32728.52648533
32728.14859626
32727.51214806
32726.61870875
32725.47051908
32724.07047575
32722.42210982
32720.52772821
32718.38767480
32716.00572404
32713.38605981
32710.53325790
32707.45226723
32704.14838987
32700.62726017
32696.89482293
32692.95731100
32688.82122241
32684.49329712
32679.98049369
32675.28996588
32670.42903943
32665.40518915
32660.22601637
32654.89922691
32649.43260978
32643.83401642
32638.11134091
32632.27250095
32626.32541979
32620.27800908
32614.13815280
32607.91369212
32601.61241132
32595.24202478
32588.81016495
32582.32437133
32575.79208048
32569.22061700
32562.61718543
32555.98886308
32549.34259370
32542.68518203
32536.02328908
32529.36342826
32522.71196207
32516.07509957
32509.45889443
32502.86924348
32496.31188591
32489.79240288
32483.31621754
32476.88859553
32470.51464582
32464.19932184
32457.94742292
32451.76359606
32445.65233778
32439.61799633
32433.66477396
32427.79672939
32422.01778035
32416.33170630
32410.74215117
32405.25262616
32399.86651260
32394.58706486
32389.41741321
32384.36056675
32379.41941630
32374.59673722
32369.89519231
32365.31733454
32360.86560986
32356.54235984
32352.34982430
32348.29014394
32344.36536274
32340.57743048
32336.92820501
32333.41945455
32330.05285987
32326.83001638
32323.75243614
32320.82154979
32318.03870839
32315.40518513
32312.92217703
32310.59080650
32308.41212276
32306.38710329
32304.51665507
32302.80318278
32301.25014925
32299.85743626
32298.62494660
32297.55260370
32296.64035135
32295.88815355
32295.29599436
32294.86387786
32294.59182811
32294.47988637
32294.52811183
32294.73645804
32295.10456537
32295.63174703
32296.31698853
32297.15895300
32298.15598832
32299.30613581
32300.60714037
32302.05646211
32303.65128910
32305.38855140
32307.26855376
32309.29015326
32311.45039973
32313.74615937
32316.17412396
32318.73082052
32321.41262109
32324.21575285
32327.13630835
32330.17025584
32333.31344962
32336.56164048
32339.91048599
32343.35556076
32346.89236653
32350.51634208
32354.22287296
32358.00730096
32361.86493324
32365.79105129
32369.78091945
32373.82979317
32377.93292683
32382.08558130
32386.28303105
32390.52057088
32394.79352230
32399.09723951
32403.42711502
32407.77858482
32412.14713326
32416.52829754
32420.91767180
32425.31091092
32429.70373397
32434.09192732
32438.47134743
32442.83792341
32447.18765920
32451.51663559
32455.82101188
32460.09702736
32464.34100258
32468.54934037
32472.71852667
32476.84513118
32480.92580788
32484.95729533
32488.93641685
32492.86008059
32496.72527948
32500.52909101
32504.26867701
32507.94128326
32511.54423904
32515.07495667
32518.53093090
32521.90973833
32525.20903672
32528.42656429
32531.56013903
32534.60765789
32537.56709607
32540.43650619
32543.21401751
32545.89783519
32548.48623940
32550.97758463
32553.37029886
32555.66288281
32557.85390922
32559.94202206
32561.92593590
32563.80443518
32565.57301844
32567.22941529
32568.77322584
32570.20407726
32571.52162310
32572.72554265
32573.81554031
32574.79134507
32575.65271004
32576.39941198
32577.03125091
32577.54804977
32577.94965412
32578.23593187
32578.40677952
32578.46211262
32578.40186307
32578.22607620
32577.93500567
32577.52910782
32577.00903015
32576.37561564
32575.62989944
32574.77310483
32573.80663858
32572.73208548
32571.55120243
32570.26591185
32568.87829461
32567.39058253
32565.80515046
32564.12450798
32562.35129091
32560.48644787
32558.52899522
32556.48142052
32554.34631098
32552.12634778
32549.82430044
32547.44302103
32544.98543840
32542.45455227
32539.85342747
32537.18518805
32534.45301147
32531.66012291
32528.80978952
32525.90531484
32522.95003333
32519.94730495
32516.90050989
32513.81304349
32510.68831122
32507.52972389
32504.34069296
32501.12462607
32497.88492274
32494.62497020
32491.34813946
32488.05778154
32484.75722390
32481.44976700
32478.13868112
32474.82720331
32471.51853457
32468.21583711
32464.92223194
32461.64079646
32458.37456235
32455.12651354
32451.89958439
32448.69665797
32445.52056451
32442.37408001
32439.25992495
32436.18076314
32433.13920069
32430.13778508
32427.17900438
32424.26528652
32421.39899870
32418.58244683
32415.81787516
32413.10746586
32410.45333875
32407.85755110
32405.32209746
32402.84890953
32400.43985617
32398.09674331
32395.82131407
32393.61524877
32391.48016507
32389.41761808
32387.42910052
32385.51604292
32383.67981378
32381.92335350
32380.25092539
32378.66323587
32377.16095045
32375.74469460
32374.41505464
32373.17257863
32372.01777710
32370.95112384
32369.97305654
32369.08397747
32368.28425399
32367.57421914
32366.95417208
32366.42437849
32365.98507101
32365.63644948
32365.37868125
32365.21189512
32365.13618943
32365.15164407
32365.25826848
32365.45594095
32365.74438225
32366.12317650
32366.59176478
32367.14944700
32367.79538427
32368.52860178
32369.34799197
32370.25231829
32371.24021920
32372.31021261
32373.46070062
32374.68997454
32375.99622022
32377.37752351
32378.83187601
32380.35718092
32381.95125902
32383.61185476
32385.33664232
32387.12492106
32388.97777195
32390.89299321
32392.86832281
32394.90144253
32396.98998215
32399.13152359
32401.32360501
32403.56372497
32405.84934646
32408.17790097
32410.54679249
32412.95340137
32415.39508821
32417.86919762
32420.37306191
32422.90400464
32425.45934416
32428.03639694
32430.63248090
32433.24491852
32435.87103996
32438.50818591
32441.15371047
32443.80498384
32446.45939484
32449.11435347
32451.76729316
32454.41567302
32457.05697999
32459.68873075
32462.30847368
32464.91379058
32467.50229837
32470.07165060
32472.61953895
32475.14369459
32477.64188942
32480.11193727
32482.55169496
32484.95906335
32487.33198822
32489.66846114
32491.96652025
32494.22425096
32496.43978660
32498.61130900
32500.73704901
32502.81528700
32504.84435321
32506.82262824
32508.74854325
32510.62058036
32512.43555047
32514.18878877
32515.87930792
32517.50616523
32519.06846196
32520.56534251
32521.99599378
32523.35964437
32524.65556402
32525.88306288
32527.04149098
32528.13023760
32529.14873074
32530.09643662
32530.97285920
32531.77753971
32532.51005626
32533.17002345
32533.75709203
32534.27094856
32534.71131518
32535.07794933
32535.37064355
32535.58922530
32535.73356876
32535.80356718
32535.79914520
32535.72028367
32535.56705454
32535.33965093
32535.03837524
32534.66363232
32534.21593348
32533.69589506
32533.10423668
32532.44177919
32531.70944238
32530.90824242
32530.03928904
32529.10378250
32528.10301034
32527.03834399
32525.91123511
32524.72321185
32523.47587501
32522.17089397
32520.81000264
32519.39499530
32517.92772237
32516.41008617
32514.84403664
32513.23156712
32511.57471007
32509.87553288
32508.13613372
32506.35863746
32504.54519164
32502.69442839
32500.80665096
32498.88391514
32496.92830199
32494.94191500
32492.92687709
32490.88532783
32488.81942062
32486.73131987
32484.62319838
32482.49723458
32480.35561004
32478.20050686
32476.03410526
32473.85858116
32471.67610390
32469.48883395
32467.29892076
32465.10850069
32462.91969496
32460.73460774
32458.55532427
32456.38390911
32454.22240440
32452.07282827
32449.93717324
32447.81740481
32445.71546002
32443.63324610
32441.57263927
32439.53548351
32437.52358942
32435.53873322
32433.58265572
32431.65706138
32429.76361746
32427.90395317
32426.07965895
32424.29396714
32422.55160954
32420.85378113
32419.20163392
32417.59627733
32416.03877857
32414.53016311
32413.07141512
32411.66347787
32410.30725419
32409.00360689
32407.75335923
32406.55729528
32405.41616038
32404.33066155
32403.30146783
32402.32921072
32401.41448451
32400.55784664
32399.75981802
32399.02088335
32398.34149144
32397.72205543
32397.16295308
32396.66452703
32396.22708493
32395.85089971
32395.53620969
32395.28321875
32395.09209645
32394.96296859
32394.89593891
32394.89108006
32394.94841813
32395.06790799
32395.24941551
32395.49270913
32395.79747971
32396.16333297
32396.58979052
32397.07629110
32397.62219205
32398.22677091
32398.88922731
32399.60868499
32400.38419397
32401.21473293
32402.09921171
32403.03647396
32404.02529988
32405.06440911
32406.15246370
32407.28807113
32408.46978744
32409.69612038
32410.96553262
32412.27644498
32413.62723968
32415.01626355
32416.44183129
32417.90222867
32419.39571570
32420.92052979
32422.47488880
32424.05699406
32425.66503336
32427.29718379
32428.95161458
32430.62648978
32432.31997088
32434.03021938
32435.75539917
32437.49367890
32439.24323418
32441.00224974
32442.76892140
32444.54145805
32446.31808342
32448.09703780
32449.87657967
32451.65498718
32453.43055960
32455.20161859
32456.96650946
32458.72360229
32460.47129298
32462.20800419
32463.93218627
32465.64231799
32467.33690735
32469.01449215
32470.67364067
32472.31295211
32473.93105713
32475.52661820
32477.09833000
32478.64491968
32480.16514719
32481.65780540
32483.12172035
32484.55575139
32485.95879122
32487.32976602
32488.66763547
32489.97139279
32491.24006472
32492.47271148
32493.66842676
32494.82633763
32495.94560451
32497.02542102
32498.06501394
32499.06364309
32500.02060119
32500.93521381
32501.80683917
32502.63486809
32503.41872383
32504.15786198
32504.85177034
32505.49996880
32506.10200924
32506.65747542
32507.16598284
32507.62717871
32508.04074182
32508.40638246
32508.72384236
32508.99289462
32509.21334366
32509.38503173
32509.50783393
32509.58164035
32509.60637552
32509.58199941
32509.50851943
32509.38600246
32509.21457581
32508.99444631
32508.72588208
32508.40920708
32508.04480686
32507.63312781
32507.17467609
32506.67001661
32506.11977175
32505.52462008
32504.88529483
32504.20258242
32503.47732075
32502.71039749
32501.90274826
32501.05535469
32500.16924253
32499.24547956
32498.28517355
32497.28947009
32496.25955053
32495.19662968
32494.10195370
32492.97679781
32491.82246413
32490.64027937
32489.43159270
32488.19777349
32486.94020914
32485.66030292
32484.35947182
32483.03914448
32481.70075912
32480.34576155
32478.97560314
32477.59173897
32476.19562596
32474.78872102
32473.37247933
32471.94835269
32470.51778780
32469.08222480
32467.64309568
32466.20182291
32464.75981804
32463.31848038
32461.87919577
32460.44333540
32459.01225468
32457.58729219
32456.16976868
32454.76098614
32453.36222689
32451.97475282
32450.59980452
32449.23860066
32447.89233727
32446.56218714
32445.24929924
32443.95479819
32442.67978382
32441.42533066
32440.19248759
32438.98227746
32437.79569676
32436.63371529
32435.49727597
32434.38729453
32433.30465933
32432.25023116
32431.22484310
32430.22930037
32429.26438020
32428.33083174
32427.42937598
32426.56070564
32425.72548517
32424.92435069
32424.15790990
32423.42674215
32422.73139834
32422.07240096
32421.45024409
32420.86539335
32420.31828598
32419.80933078
32419.33890817
32418.90737018
32418.51504047
32418.16221434
32417.84915874
32417.57611229
32417.34328528
32417.15085969
32416.99897733
32416.88776357
32416.81732154
32416.78772384
32416.79901227
32416.85119145
32416.94421886
32417.07800316
32417.25240432
32417.46721501
32417.72218023
32418.01700210
32418.35133363
32418.72477945
32419.13689653
32419.58719514
32420.07513978
32420.60015023
32421.16160272
32421.75883113
32422.39112825
32423.05774716
32423.75790262
32424.49077256
32425.25549955
32426.05119241
32426.87692777
32427.73175174
32428.61468152
32429.52470714
32430.46079311
32431.42188017
32432.40688697
32433.41471185
32434.44423450
32435.49431771
32436.56380906
32437.65154259
32438.75634052
32439.87701484
32441.01236893
32442.16119921
32443.32229663
32444.49444823
32445.67643863
32446.86705147
32448.06507080
32449.26928251
32450.47847558
32451.69144340
32452.90698503
32454.12390633
32455.34102117
32456.55715247
32457.77113330
32458.98180788
32460.18803251
32461.38867652
32462.58262314
32463.76877032
32464.94603152
32466.11333646
32467.26963179
32468.41388182
32469.54506907
32470.66219493
32471.76428014
32472.85036536
32473.91951162
32474.97080079
32476.00333599
32477.01624198
32478.00866552
32478.97977571
32479.92876428
32480.85484590
32481.75725843
32482.63526316
32483.48814503
32484.31521283
32485.11579938
32485.88926171
32486.63498119
32487.35236368
32488.04083967
32488.69986435
32489.32891775
32489.92750480
32490.49515543
32491.03142464
32491.53589255
32492.00816448
32492.44787098
32492.85466789
32493.22823637
32493.56828294
32493.87453954
32494.14676350
32494.38473764
32494.58827022
32494.75720139
32494.89139957
32494.99074334
32495.05513846
32495.08451789
32495.07884187
32495.03810181
32494.96232795
32494.85159106
32494.70600241
32494.52571357
32494.31093510
32494.06191542
32493.77893650
32493.46232056
32493.11242953
32492.72966438
32492.31446436
32491.86730625
32491.38870349
32490.87920525
32490.33939547
32489.76989185
32489.17134476
32488.54443609
32487.88987815
32487.20841241
32486.50080830
32485.76786193
32485.01039479
32484.22925242
32483.42530312
32482.59943654
32481.75256236
32480.88560888
32479.99952168
32479.09526220
32478.17380639
32477.23614335
32476.28327393
32475.31620940
32474.33597011
32473.34358415
32472.34008608
32471.32651562
32470.30391639
32469.27333468
32468.23581826
32467.19241517
32466.14417256
32465.09213562
32464.03734643
32462.98084295
32461.92365796
32460.86681810
32459.81134287
32458.75824376
32457.70852333
32456.66317434
32455.62317897
32454.58950800
32453.56312010
32452.54496104
32451.53596309
32450.53704428
32449.54910786
32448.57304166
32447.60971752
32446.65999079
32445.72469984
32444.80466553
32443.90069081
32443.01356027
32442.14403979
32441.29287609
32440.46079645
32439.64850837
32438.85669922
32438.08603601
32437.33716509
32436.61071192
32435.90728083
32435.22745480
32434.57179528
32433.94084199
32433.33511276
32432.75510336
32432.20128737
32431.67411604
32431.17401817
32430.70139999
32430.25664507
32429.84011422
32429.45214538
32429.09305358
32428.76313083
32428.46264611
32428.19184523
32427.95095084
32427.74016236
32427.55965591
32427.40957313
32427.29004236
32427.20117461
32427.14305623
32427.11574887
32427.11928942
32427.15368721
32427.21891802
32427.31492246
32427.44160607
32427.59883948
32427.78645066
32428.00422121
32428.25190963
32428.52923956
32428.83590027
32429.17154716
32429.53580240
32429.92825554
32430.34846426
32430.79595508
32431.27022417
32431.77073822
32432.29693531
32432.84822584
32433.42399351
32434.02359629
32434.64636749
32435.29161676
32435.95863124
32436.64667660
32437.35499820
32438.08282222
32438.82935678
32439.59379316
32440.37530688
32441.17305894
32441.98619695
32442.81385631
32443.65516138
32444.50922660
32445.37515770
32446.25205276
32447.13900342
32448.03509591
32448.93941219
32449.85103100
32450.76902894
32451.69248147
32452.62046396
32453.55205265
32454.48632560
32455.42236369
32456.35925146
32457.29607803
32458.23193799
32459.16593217
32460.09716850
32461.02476273
32461.94783926
32462.86553178
32463.77698402
32464.68135040
32465.57779665
32466.46550046
32467.34365204
32468.21145469
32469.06812535
32469.91289509
32470.74500958
32471.56372962
32472.36833149
32473.15810745
32473.93236607
32474.69043266
32475.43164957
32476.15537656
32476.86099112
32477.54788874
32478.21548319
32478.86320684
32479.49051081
32480.09686530
32480.68175974
32481.24470301
32481.78522366
32482.30287005
32482.79721051
32483.26783356
32483.71434795
32484.13638290
32484.53358814
32484.90563407
32485.25221185
32485.57303350
32485.86783199
32486.13636133
32486.37839662
32486.59373416
32486.78219147
32486.94362000
32487.07788197
32487.18485402
32487.26443521
32487.31654703
32487.34113348
32487.33816111
32487.30762120
32487.24953456
32487.16395278
32487.05095821
32486.91066379
32486.74321294
32486.54878775
32486.32761238
32486.07992798
32485.80600584
32485.50614697
32485.18068158
32484.82996858
32484.45439495
32484.05437519
32483.63035059
32483.18278856
32482.71218189
32482.21904800
32481.70392807
32481.16738629
32480.61000894
32480.03240353
32479.43519791
32478.81903927
32478.18459330
32477.53254314
32476.86358845
32476.17844442
32475.47784077
32474.76252076
32474.03324016
32473.29076632
32472.53587707
32471.76935979
32470.99201038
32470.20463230
32469.40803553
32468.60303567
32467.79045293
32466.97111120
32466.14583710
32465.31545908
32464.48080650
32463.64270876
32462.80199440
32461.95949031
32461.11602083
32460.27240698
32459.42946571
32458.58800903
32457.74884338
32456.91276884
32456.08057845
32455.25305752
32454.43098302
32453.61512290
32452.80623548
32452.00506893
32451.21236062
32450.42883664
32449.65521126
32448.89218643
32448.14045131
32447.40068179
32446.67354011
32445.95967437
32445.25971821
32444.57429036
32443.90399436
32443.24941813
32442.61113373
32441.98969700
32441.38564728
32440.79950716
32440.23178219
32439.68296064
32439.15351329
32438.64389319
32438.15453547
32437.68585714
32437.23825691
32436.81211503
32436.40779312
32436.02563403
32435.66596170
32435.32908103
32435.01527777
32434.72481842
32434.45795008
32434.21490042
32433.99587756
32433.80106998
32433.63063997
32433.48472622
32433.36346279
32433.26696310
32433.19531986
32433.14860501
32433.12686967
32433.13014410
32433.15843582
32433.21172562
32433.28996661
32433.39308427
32433.52097653
32433.67351393
32433.85053980
32434.05185340
32434.27723083
32434.52642812
32434.79917465
32435.09517348
32435.41410191
32435.75561191
32436.11933073
32436.50486141
32436.91178346
32437.33965346
32437.78800577
32438.25635317
32438.74418768
32439.25098125
32439.77618654
32440.31923777
32440.87955147
32441.45652735
32442.04954913
32442.65798544
32443.28119061
32443.91850563
32444.56925898
32445.23276754
32445.90833747
32446.59526512
32447.29283788
32448.00033513
32448.71702906
32449.44218558
32450.17506521
32450.91492387
32451.66101384
32452.41258448
32453.16888317
32453.92915605
32454.69264885
32455.45860767
32456.22627977
32456.99491428
32457.76376301
32458.53208108
32459.29912770
32460.06416680
32460.82646772
32461.58530586
32462.33996329
32463.08972936
32463.83390129
32464.57178473
32465.30269432
32466.02595423
32466.74089862
32467.44687221
32468.14323065
32468.82934108
32469.50458249
32470.16834615
32470.82003604
32471.45906921
32472.08487614
32472.69690109
32473.29460244
32473.87745303
32474.44494039
32474.99656710
32475.53185105
32476.05032563
32476.55154009
32477.03505966
32477.50046583
32477.94735657
32478.37534645
32478.78406693
32479.17316642
32479.54231053
32479.89118218
32480.21948176
32480.52692724
32480.81325430
32481.07821647
32481.32158521
32481.54315001
32481.74271848
32481.92012348
32482.07522062
32482.20786767
32482.31794147
32482.40533796
32482.46997226
32482.51177873
32482.53071099
32482.52674200
32482.49986576
32482.45010055
32482.37748969
32482.28210145
32482.16402900
32482.02339025
32481.86032773
32481.67501600
32481.46766434
32481.23849375
32480.98774939
32480.71570015
32480.42263831
32480.10887904
32479.77475997
32479.42064065
32479.04690206
32478.65394603
32478.24219464
32477.81208962
32477.36409171
32476.89867998
32476.41635121
32475.91761912
32475.40301368
32474.87308040
32474.32837956
32473.76948546
32473.19698564
32472.61148012
32472.01358064
32471.40390979
32470.78310030
32470.15179423
32469.51064213
32468.86030227
32468.20143988
32467.53472632
32466.86083828
32466.18045706
32465.49426776
32464.80295849
32464.10721969
32463.40774332
32462.70522213
32462.00034899
32461.29381612
32460.58631444
32459.87853286
32459.17115762
32458.46487164
32457.76035389
32457.05827875
32456.35931542
32455.66412732
32454.97337154
32454.28769825
32453.60775020
32452.93416216
32452.26756045
32451.60856241
32450.95777598
32450.31579921
32449.68321981
32449.06061479
32448.44854997
32447.84757967
32447.25824627
32446.68107991
32446.11659808
32445.56530537
32445.02769309
32444.50423901
32443.99540703
32443.50164698
32443.02339428
32442.56106977
32442.11507939
32441.68581405
32441.27364935
32440.87894542
32440.50204671
32440.14328183
32439.80296338
32439.48138779
32439.17883515
32438.89556914
32438.63183683
32438.38786861
32438.16387804
32437.96006179
32437.77659951
32437.61364110
32437.47132897
32437.34979525
32437.24915428
32437.16950244
32437.11091815
32437.07346179
32437.05717568
32437.06208400
32437.08819116
32437.13547907
32437.20390665
32437.29340980
32437.40390157
32437.53527221
32437.68738935
32437.86009817
32438.05320576
32438.26650113
32438.49975784
32438.75272757
32439.02514054
32439.31670589
32439.62711212
32439.95602752
32440.30310068
32440.66796096
32441.05021908
32441.44946761
32441.86528159
32442.29721913
32442.74482199
32443.20761626
32443.68511297
32444.17680878
32444.68218664
32445.20071650
32445.73185597
32446.27505107
32446.82973691
32447.39533843
32447.97127111
32448.55694169
32449.15174893
32449.75508428
32450.36633267
32450.98487316
32451.61007972
32452.24132194
32452.87796569
32453.51937387
32454.16490708
32454.81392432
32455.46578366
32456.11984289
32456.77546022
32457.43199485
32458.08880770
32458.74526194
32459.40072364
32460.05456236
32460.70615171
32461.35486996
32462.00010053
32462.64123256
32463.27766143
32463.90878928
32464.53402545
32465.15278701
32465.76449920
32466.36859588
32466.96451994
32467.55172375
32468.12966955
32468.69782982
32469.25568767
32469.80273718
32470.33848379
32470.86244456
32471.37414855
32471.87313708
32472.35896405
32472.83119618
32473.28941334
32473.73320873
32474.16218917
32474.57597528
32474.97420177
32475.35651758
32475.72258611
32476.07208538
32476.40470823
32476.72016249
32477.01817109
32477.29847225
32477.56081961
32477.80498232
32478.03074522
32478.23790889
32478.42628978
32478.59573386
32478.74609319
32478.87722844
32478.98901698
32479.08135289
32479.15414704
32479.20732717
32479.24083792
32479.25464087
32479.24871463
32479.22305641
32479.17768425
32479.11263742
32479.02797638
32478.92378265
32478.80015878
32478.65722815
32478.49513487
32478.31405086
32478.11417799
32477.89572617
32477.65892540
32477.40402552
32477.13129580
32476.84102461
32476.53351894
32476.20910405
32475.86812295
32475.51093595
32475.13792017
32474.74946900
32474.34599156
32473.92791218
32473.49566978
32473.04971733
32472.59052122
32472.11856065
32471.63432702
32471.13832331
32470.63106338
32470.11307140
32469.58488115
32469.04703537
32468.50008508
32467.94458896
32467.38111266
32466.81022813
32466.23251297
32465.64854974
32465.05892535
32464.46423037
32463.86505839
32463.26200538
32462.65566906
32462.04664825
32461.43554228
32460.82295035
32460.20947095
32459.59570126
32458.98223656
32458.36966970
32457.75859046
32457.14958510
32456.54323577
32455.94011998
32455.34081013
32454.74587301
32454.15586926
32453.57135298
32452.99287123
32452.42096360
32451.85616175
32451.29898906
32450.74996018
32450.20958063
32449.67834648
32449.15674392
32448.64524900
32448.14432718
32447.65443312
32447.17601030
32446.70949073
32446.25529469
32445.81383046
32445.38549401
32444.97066880
32444.56972553
32444.18302189
32443.81090239
32443.45369810
32443.11172649
32442.78529124
32442.47468206
32442.18017452
32441.90202992
32441.64049511
32441.39580237
32441.16816929
32440.95779865
32440.76487827
32440.58957410
32440.43203206
32440.29239843
32440.17080383
32440.06736308
32439.98217518
32439.91532321
32439.86687431
32439.83687958
32439.82537410
32439.83237675
32439.85788878
32439.90189182
32439.96434768
32440.04519839
32440.14436627
32440.26175404
32440.39724491
32440.55070277
32440.72197236
32440.91086418
32441.11717431
32441.34068658
32441.58116636
32441.83836082
32442.11199938
32442.40179399
32442.70743959
32443.02861452
32443.36498094
32443.71618532
32444.08185891
32444.46161822
32444.85506558
32445.26178959
32445.68136577
32446.11335701
32446.55731421
32447.01277680
32447.47927340
32447.95632233
32448.44343228
32448.94010286
32449.44582527
32449.96008285
32450.48235176
32451.01210154
32451.54879579
32452.09189271
32452.64084580
32453.19510440
32453.75411434
32454.31731855
32454.88415762
32455.45407045
32456.02649478
32456.60086780
32457.17662675
32457.75320942
32458.33005474
32458.90660334
32459.48229806
32460.05658448
32460.62891144
32461.19873155
32461.76550166
32462.32868335
32462.88774341
32463.44215429
32463.99139453
32464.53494922
32465.07231038
32465.60297742
32466.12645749
32466.64226587
32467.14992638
32467.64897167
32468.13894364
32468.61939371
32469.08988318
32469.54998352
32469.99927670
32470.43735543
32470.86382347
32471.27829588
32471.68039926
32472.06977203
32472.44606462
32472.80893972
32473.15807247
32473.49315067
32473.81387495
32474.11995900
32474.41112968
32474.68712722
32474.94770535
32475.19263147
32475.42168676
32475.63466630
32475.83137922
32476.01165602
32476.17534677
32476.32229961
32476.45237742
32476.56545793
32476.66143379
32476.74021264
32476.80171718
32476.84588521
32476.87266969
32476.88203877
32476.87397594
32476.84848149
32476.80557409
32476.74529095
32476.66768775
32476.57283861
32476.46083596
32476.33179044
32476.18583077
32476.02310359
32475.84377324
32475.64803797
32475.43610836
32475.20820504
32474.96456567
32474.70544452
32474.43111220
32474.14185526
32473.83797580
32473.51979107
32473.18763307
32472.84184806
32472.48279616
32472.11085082
32471.72639840
32471.32983761
32470.92157903
32470.50204459
32470.07166703
32469.63088935
32469.18016427
32468.71995370
32468.25072813
32467.77296609
32467.28715361
32466.79378358
32466.29335522
32465.78637353
32465.27334864
32464.75479530
32464.23123230
32463.70318185
32463.17116910
32462.63572148
32462.09736822
32461.55663976
32461.01406722
32460.47018185
32459.92551449
32459.38059508
32458.83595210
32458.29211209
32457.74959916
32457.20893447
32456.67063578
32456.13521695
32455.60318753
32455.07505226
32454.55131067
32454.03245661
32453.51897791
32453.01135590
32452.51006505
32452.01557259
32451.52833815
32451.04881336
32450.57744155
32450.11465741
32449.66088661
32449.21654556
32448.78204106
32448.35777005
32447.94411926
32447.54146504
32447.15017299
32446.77059782
32446.40308302
32446.04796072
32445.70555137
32445.37616365
32445.06009417
32444.75762735
32444.46903520
32444.19457718
32443.93450004
32443.68903763
32443.45841080
32443.24282728
32443.04248148
32442.85755446
32442.68820033
32442.53456897
32442.39680395
32442.27503478
32442.16937679
32442.07993108
32442.00678445
32441.95000932
32441.90966368
32441.88579108
32441.87842053
32441.88756640
32441.91322689
32441.95538280
32442.01399742
32442.08901657
32442.18036867
32442.28796483
32442.41169896
32442.55144792
32442.70707162
32442.87841326
32443.06529168
32443.26749962
32443.48482725
32443.71704875
32443.96392255
32444.22519173
32444.50058428
32444.78981354
32445.09257852
32445.40856434
32445.73744262
32446.07887191
32446.43249816
32446.79795512
32447.17486490
32447.56283834
32447.96147558
32448.37036653
32448.78909139
32449.21722116
32449.65431814
32450.09993650
32450.55362279
32451.01491646
32451.48335042
32451.95845159
32452.43974141
32452.92673641
32453.41894873
32453.91588666
32454.41705521
32454.92195661
32455.43009084
32455.94095617
32456.45404969
32456.96886780
32457.48490675
32458.00166311
32458.51863429
32459.03531902
32459.55121785
32460.06583359
32460.57867178
32461.08924118
32461.59705418
32462.10162722
32462.60248129
32463.09914226
32463.59114133
32464.07801544
32464.55930762
32465.03456739
32465.50335110
32465.96522231
32466.41975212
32466.86651952
32467.30511167
32467.73512426
32468.15616177
32468.56783780
32468.96977533
32469.36160696
32469.74297524
32470.11353285
32470.47294288
32470.82087904
32471.15702590
32471.48107907
32471.79274544
32472.09174332
32472.37780268
32472.65066527
32472.91008483
32473.15582722
32473.38767055
32473.60540535
32473.80883469
32473.99777430
32474.17205946
32474.33154342
32474.47607732
32474.60552561
32474.71976618
32474.81869040
32474.90220322
32474.97022325
32475.02268279
32475.05952790
32475.08071842
32475.08622804
32475.07604448
32475.05017094
32475.00862709
32474.95144914
32474.87868979
32474.79041815
32474.68671969
32474.56769612
32474.43346525
32474.28416088
32474.11993257
32473.94094556
32473.74739655
32473.53949222
32473.31744721
32473.08149101
32472.83186766
32472.56883542
32472.29266642
32472.00364635
32471.70207403
32471.38826107
32471.06253147
32470.72522118
32470.37667769
32470.01725958
32469.64733611
32469.26728671
32468.87750056
32468.47837607
32468.07032046
32467.65374918
32467.22908551
32466.79676002
32466.35721003
32465.91087919
32465.45821688
32464.99967778
32464.53572129
32464.06681109
32463.59341457
32463.11600236
32462.63504781
32462.15102649
32461.66441570
32461.17569396
32460.68534054
32460.19383494
32459.70165647
32459.20928371
32458.71719411
32458.22586346
32457.73576551
32457.24737148
32456.76114964
32456.27756486
32455.79707825
32455.32014668
32454.84722243
32454.37875276
32453.91517958
32453.45693901
32453.00446109
32452.55816937
32452.11848059
32451.68580436
32451.26054279
32450.84309026
32450.43383302
32450.03314896
32449.64140734
32449.25896843
32448.88618336
32448.52339377
32448.17093163
32447.82911897
32447.49826767
32447.17867924
32446.87064461
32446.57444394
32446.29034644
32446.01861016
32445.75948185
32445.51319680
32445.27997865
32445.06003928
32444.85357867
32444.66078477
32444.48182618
32444.31685375
32444.16602176
32444.02947185
32443.90733283
32443.79972065
32443.70673828
32443.62847567
32443.56500965
32443.51640389
32443.48270886
32443.46396175
32443.46018651
32443.47139350
32443.49757817
32443.53872024
32443.59478367
32443.66571671
32443.75145197
32443.85190651
32443.96698189
32444.09656435
32444.24052492
32444.39871957
32444.57098942
32444.75715315
32444.95700548
32445.17034058
32445.39693850
32445.63656543
32445.88897407
32446.15390389
32446.43108148
32446.72022091
32447.02102411
32447.33318122
32447.65637100
32447.99026123
32448.33450912
32448.68876176
32449.05265650
32449.42582145
32449.80787591
32450.19843083
32450.59708925
32451.00344681
32451.41709221
32451.83760765
32452.26456937
32452.69754810
32453.13610955
32453.57981488
32454.02822122
32454.48088210
32454.93734800
32455.39716678
32455.85988416
32456.32504423
32456.79218988
32457.26086330
32457.73060640
32458.20096133
32458.67147087
32459.14167889
32459.61113082
32460.07937404
32460.54595833
32461.01043627
32461.47236365
32461.93129989
32462.38680840
32462.83845700
32463.28581826
32463.72846989
32464.16599509
32464.59798287
32465.02402846
32465.44373355
32465.85670668
32466.26256352
32466.66092716
32467.05142844
32467.43370619
32467.80740753
32468.17218813
32468.52771244
32468.87365399
32469.20969556
32469.53552944
32469.85085767
32470.15539220
32470.44885512
32470.73097885
32471.00150630
32471.26019109
32471.50679766
32471.74110147
32471.96288912
32472.17195850
32472.36811893
32472.55119128
32472.72102147
32472.87745824
32473.02035489
32473.14957694
32473.26500212
32473.36652056
32473.45403483
32473.52745997
32473.58672363
32473.63176607
32473.66254022
32473.67901173
32473.68115899
32473.66897344
32473.64246092
32473.60164224
32473.54655320
32473.47724457
32473.39378196
32473.29624584
32473.18473137
32473.05934830
32472.92022088
32472.76748765
32472.60130130
32472.42182850
32472.22926567
32472.02381728
32471.80569404
32471.57511984
32471.33233144
32471.07757820
32470.81112172
32470.53323554
32470.24420479
32469.94432585
32469.63390594
32469.31326276
32468.98272411
32468.64262748
32468.29331963
32467.93515620
32467.56850125
32467.19372684
32466.81121262
32466.42134532
32466.02451838
32465.62113145
32465.21158992
32464.79630452
32464.37569082
32463.95016876
32463.52016222
32463.08609856
32462.64840813
32462.20752384
32461.76388068
32461.31791530
32460.87006553
32460.42076996
32459.97046747
32459.51959682
32459.06859620
32458.61790281
32458.16795244
32457.71917906
32457.27201441
32456.82688759
32456.38422468
32455.94444834
32455.50797745
32455.07522673
32454.64660636
32454.22252167
32453.80337276
32453.38955415
32452.98145449
32452.57945624
32452.18393530
32451.79526077
32451.41379466
32451.03989154
32450.67389833
32450.31615402
32449.96698937
32449.62672673
32449.29567975
32448.97415314
32448.66244252
32448.36083412
32448.06960463
32447.78902098
32447.51934016
32447.26080905
32447.01366424
32446.77813184
32446.55442740
32446.34275568
32446.14331055
32445.95627489
32445.78181358
32445.62007493
32445.47121084
32445.33536157
32445.21265563
32445.10320971
32445.00712855
32444.92450488
32444.85541938
32444.79994058
32444.75812481
32444.73001619
32444.71564656
32444.71503546
32444.72818973
32444.75510230
32444.79575169
32444.85010207
32444.91810328
32444.99969086
32445.09478619
32445.20329651
32445.32511508
32445.46012131
32445.60818087
32445.76914588
32445.94285508
32446.12911902
32446.32774045
32446.53851601
32446.76122974
32446.99565334
32447.24154647
32447.49865706
32447.76672161
32448.04546552
32448.33460347
32448.63383971
32448.94286848
32449.26137437
32449.58903266
32449.92550979
32450.27046370
32450.62354425
32450.98439367
32451.35264692
32451.72793216
32452.10987117
32452.49807976
32452.89216823
32453.29174182
32453.69640111
32454.10574249
32454.51935858
32454.93683870
32455.35776929
32455.78173433
32456.20831584
32456.63709422
32457.06764878
32457.49955808
32457.93240041
32458.36575421
32458.79919843
32459.23231301
32459.66467921
32460.09588008
32460.52550081
32460.95312910
32461.37835558
32461.80077417
32462.21998241
32462.63558185
32463.04717839
32463.45438263
32463.85681017
32464.25408199
32464.64582469
32465.03167088
32465.41125942
32465.78423575
32466.15025215
32466.50896800
32466.86005011
32467.20317288
32467.53801865
32467.86427787
32468.18164935
32468.48984051
32468.78856755
32469.07755569
32469.35653937
32469.62526241
32469.88347821
32470.13094994
32470.36745068
32470.59276358
32470.80668203
32471.00900978
32471.19956109
32471.37816796
32471.54467884
32471.69893748
32471.84079873
32471.97012867
32472.08680471
32472.19071567
32472.28176187
32472.35985521
32472.42491922
32472.47688914
32472.51571193
32472.54134639
32472.55376310
32472.55294452
32472.53888543
32472.51159404
32472.47109236
32472.41741616
32472.35061493
32472.27075180
32472.17790354
32472.07216038
32471.95362596
32471.82241722
32471.67866418
32471.52250989
32471.35411018
32471.17363350
32470.98127675
32470.77724330
32470.56174129
32470.33499068
32470.09722297
32469.84868090
32469.58961816
32469.32029907
32469.04099825
32468.75200030
32468.45359944
32468.14609917
32467.82981188
32467.50505850
32467.17216812
