0.00100000
0.00100000
1.00100000
2.00100000
3.00100000
4.00100000
5.00100000
6.00100000
7.00100000
8.00100000
9.00100000
10.00100000
11.00100000
12.00100000
13.00100000
14.00100000
15.00100000
16.00100000
17.00100000
18.00100000
19.00100000
20.00100000
21.00100000
22.00100000
23.00100000
24.00100000
25.00100000
26.00100000
27.00100000
28.00100000
29.00100000
30.00100000
31.00100000
32.00100000
33.00100000
34.00100000
35.00100000
36.00100000
37.00100000
38.00100000
39.00100000
40.00100000
41.00100000
42.00100000
43.00100000
44.00100000
45.00100000
46.00100000
47.00100000
48.00100000
49.00100000
50.00100000
51.00100000
52.00100000
53.00100000
54.00100000
55.00100000
56.00100000
57.00100000
58.00100000
59.00100000
60.00100000
61.00100000
62.00100000
63.00100000
64.00100000
65.00100000
66.00100000
67.00100000
68.00100000
69.00100000
70.00100000
71.00100000
72.00100000
73.00100000
74.00100000
75.00100000
76.00100000
77.00100000
78.00100000
79.00100000
80.00100000
81.00100000
82.00100000
83.00100000
84.00100000
85.00100000
86.00100000
87.00100000
88.00100000
89.00100000
90.00100000
91.00100000
92.00100000
93.00100000
94.00100000
95.00100000
96.00100000
97.00100000
98.00100000
99.00100000
100.00100000
101.00100000
102.00100000
103.00100000
104.00100000
105.00100000
106.00100000
107.00100000
108.00100000
109.00100000
110.00100000
111.00100000
112.00100000
113.00100000
114.00100000
115.00100000
116.00100000
117.00100000
118.00100000
119.00100000
120.00100000
121.00100000
122.00100000
123.00100000
124.00100000
125.00100000
126.00100000
127.00100000
128.00100000
129.00100000
130.00100000
131.00100000
132.00100000
133.00100000
134.00100000
135.00100000
136.00100000
137.00100000
138.00100000
139.00100000
140.00100000
141.00100000
142.00100000
143.00100000
144.00100000
145.00100000
146.00100000
147.00100000
148.00100000
149.00100000
150.00100000
151.00100000
152.00100000
153.00100000
154.00100000
155.00100000
156.00100000
157.00100000
158.00100000
159.00100000
160.00100000
161.00100000
162.00100000
163.00100000
164.00100000
165.00100000
166.00100000
167.00100000
168.00100000
169.00100000
170.00100000
171.00100000
172.00100000
173.00100000
174.00100000
175.00100000
176.00100000
177.00100000
178.00100000
179.00100000
180.00100000
181.00100000
182.00100000
183.00100000
184.00100000
185.00100000
186.00100000
187.00100000
188.00100000
189.00100000
190.00100000
191.00100000
192.00100000
193.00100000
194.00100000
195.00100000
196.00100000
197.00100000
198.00100000
199.00100000
200.00100000
201.00100000
202.00100000
203.00100000
204.00100000
205.00100000
206.00100000
207.00100000
208.00100000
209.00100000
210.00100000
211.00100000
212.00100000
213.00100000
214.00100000
215.00100000
216.00100000
217.00100000
218.00100000
219.00100000
220.00100000
221.00100000
222.00100000
223.00100000
224.00100000
225.00100000
226.00100000
227.00100000
228.00100000
229.00100000
230.00100000
231.00100000
232.00100000
233.00100000
234.00100000
235.00100000
236.00100000
237.00100000
238.00100000
239.00100000
240.00100000
241.00100000
242.00100000
243.00100000
244.00100000
245.00100000
246.00100000
247.00100000
248.00100000
249.00100000
250.00100000
251.00100000
252.00100000
253.00100000
254.00100000
255.00100000
256.00100000
257.00100000
258.00100000
259.00100000
260.00100000
261.00100000
262.00100000
263.00100000
264.00100000
265.00100000
266.00100000
267.00100000
268.00100000
269.00100000
270.00100000
271.00100000
272.00100000
273.00100000
274.00100000
275.00100000
276.00100000
277.00100000
278.00100000
279.00100000
280.00100000
281.00100000
282.00100000
283.00100000
284.00100000
285.00100000
286.00100000
287.00100000
288.00100000
289.00100000
290.00100000
291.00100000
292.00100000
293.00100000
294.00100000
295.00100000
296.00100000
297.00100000
298.00100000
299.00100000
300.00100000
301.00100000
302.00100000
303.00100000
304.00100000
305.00100000
306.00100000
307.00100000
308.00100000
309.00100000
310.00100000
311.00100000
312.00100000
313.00100000
314.00100000
315.00100000
316.00100000
317.00100000
318.00100000
319.00100000
320.00100000
321.00100000
322.00100000
323.00100000
324.00100000
325.00100000
326.00100000
327.00100000
328.00100000
329.00100000
330.00100000
331.00100000
332.00100000
333.00100000
334.00100000
335.00100000
336.00100000
337.00100000
338.00100000
339.00100000
340.00100000
341.00100000
342.00100000
343.00100000
344.00100000
345.00100000
346.00100000
347.00100000
348.00100000
349.00100000
350.00100000
351.00100000
352.00100000
353.00100000
354.00100000
355.00100000
356.00100000
357.00100000
358.00100000
359.00100000
360.00100000
361.00100000
362.00100000
363.00100000
364.00100000
365.00100000
366.00100000
367.00100000
368.00100000
369.00100000
370.00100000
371.00100000
372.00100000
373.00100000
374.00100000
375.00100000
376.00100000
377.00100000
378.00100000
379.00100000
380.00100000
381.00100000
382.00100000
383.00100000
384.00100000
385.00100000
386.00100000
387.00100000
388.00100000
389.00100000
390.00100000
391.00100000
392.00100000
393.00100000
394.00100000
395.00100000
396.00100000
397.00100000
398.00100000
399.00100000
400.00100000
401.00100000
402.00100000
403.00100000
404.00100000
405.00100000
406.00100000
407.00100000
408.00100000
409.00100000
410.00100000
411.00100000
412.00100000
413.00100000
414.00100000
415.00100000
416.00100000
417.00100000
418.00100000
419.00100000
420.00100000
421.00100000
422.00100000
423.00100000
424.00100000
425.00100000
426.00100000
427.00100000
428.00100000
429.00100000
430.00100000
431.00100000
432.00100000
433.00100000
434.00100000
435.00100000
436.00100000
437.00100000
438.00100000
439.00100000
440.00100000
441.00100000
442.00100000
443.00100000
444.00100000
445.00100000
446.00100000
447.00100000
448.00100000
449.00100000
450.00100000
451.00100000
452.00100000
453.00100000
454.00100000
455.00100000
456.00100000
457.00100000
458.00100000
459.00100000
460.00100000
461.00100000
462.00100000
463.00100000
464.00100000
465.00100000
466.00100000
467.00100000
468.00100000
469.00100000
470.00100000
471.00100000
472.00100000
473.00100000
474.00100000
475.00100000
476.00100000
477.00100000
478.00100000
479.00100000
480.00100000
481.00100000
482.00100000
483.00100000
484.00100000
485.00100000
486.00100000
487.00100000
488.00100000
489.00100000
490.00100000
491.00100000
492.00100000
493.00100000
494.00100000
495.00100000
496.00100000
497.00100000
498.00100000
499.00100000
500.00100000
501.00100000
502.00100000
503.00100000
504.00100000
505.00100000
506.00100000
507.00100000
508.00100000
509.00100000
510.00100000
511.00100000
512.00100000
513.00100000
514.00100000
515.00100000
516.00100000
517.00100000
518.00100000
519.00100000
520.00100000
521.00100000
522.00100000
523.00100000
524.00100000
525.00100000
526.00100000
527.00100000
528.00100000
529.00100000
530.00100000
531.00100000
532.00100000
533.00100000
534.00100000
535.00100000
536.00100000
537.00100000
538.00100000
539.00100000
540.00100000
541.00100000
542.00100000
543.00100000
544.00100000
545.00100000
546.00100000
547.00100000
548.00100000
549.00100000
550.00100000
551.00100000
552.00100000
553.00100000
554.00100000
555.00100000
556.00100000
557.00100000
558.00100000
559.00100000
560.00100000
561.00100000
562.00100000
563.00100000
564.00100000
565.00100000
566.00100000
567.00100000
568.00100000
569.00100000
570.00100000
571.00100000
572.00100000
573.00100000
574.00100000
575.00100000
576.00100000
577.00100000
578.00100000
579.00100000
580.00100000
581.00100000
582.00100000
583.00100000
584.00100000
585.00100000
586.00100000
587.00100000
588.00100000
589.00100000
590.00100000
591.00100000
592.00100000
593.00100000
594.00100000
595.00100000
596.00100000
597.00100000
598.00100000
599.00100000
600.00100000
601.00100000
602.00100000
603.00100000
604.00100000
605.00100000
606.00100000
607.00100000
608.00100000
609.00100000
610.00100000
611.00100000
612.00100000
613.00100000
614.00100000
615.00100000
616.00100000
617.00100000
618.00100000
619.00100000
620.00100000
621.00100000
622.00100000
623.00100000
624.00100000
625.00100000
626.00100000
627.00100000
628.00100000
629.00100000
630.00100000
631.00100000
632.00100000
633.00100000
634.00100000
635.00100000
636.00100000
637.00100000
638.00100000
639.00100000
640.00100000
641.00100000
642.00100000
643.00100000
644.00100000
645.00100000
646.00100000
647.00100000
648.00100000
649.00100000
650.00100000
651.00100000
652.00100000
653.00100000
654.00100000
655.00100000
656.00100000
657.00100000
658.00100000
659.00100000
660.00100000
661.00100000
662.00100000
663.00100000
664.00100000
665.00100000
666.00100000
667.00100000
668.00100000
669.00100000
670.00100000
671.00100000
672.00100000
673.00100000
674.00100000
675.00100000
676.00100000
677.00100000
678.00100000
679.00100000
680.00100000
681.00100000
682.00100000
683.00100000
684.00100000
685.00100000
686.00100000
687.00100000
688.00100000
689.00100000
690.00100000
691.00100000
692.00100000
693.00100000
694.00100000
695.00100000
696.00100000
697.00100000
698.00100000
699.00100000
700.00100000
701.00100000
702.00100000
703.00100000
704.00100000
705.00100000
706.00100000
707.00100000
708.00100000
709.00100000
710.00100000
711.00100000
712.00100000
713.00100000
714.00100000
715.00100000
716.00100000
717.00100000
718.00100000
719.00100000
720.00100000
721.00100000
722.00100000
723.00100000
724.00100000
725.00100000
726.00100000
727.00100000
728.00100000
729.00100000
730.00100000
731.00100000
732.00100000
733.00100000
734.00100000
735.00100000
736.00100000
737.00100000
738.00100000
739.00100000
740.00100000
741.00100000
742.00100000
743.00100000
744.00100000
745.00100000
746.00100000
747.00100000
748.00100000
749.00100000
750.00100000
751.00100000
752.00100000
753.00100000
754.00100000
755.00100000
756.00100000
757.00100000
758.00100000
759.00100000
760.00100000
761.00100000
762.00100000
763.00100000
764.00100000
765.00100000
766.00100000
767.00100000
768.00100000
769.00100000
770.00100000
771.00100000
772.00100000
773.00100000
774.00100000
775.00100000
776.00100000
777.00100000
778.00100000
779.00100000
780.00100000
781.00100000
782.00100000
783.00100000
784.00100000
785.00100000
786.00100000
787.00100000
788.00100000
789.00100000
790.00100000
791.00100000
792.00100000
793.00100000
794.00100000
795.00100000
796.00100000
797.00100000
798.00100000
799.00100000
800.00100000
801.00100000
802.00100000
803.00100000
804.00100000
805.00100000
806.00100000
807.00100000
808.00100000
809.00100000
810.00100000
811.00100000
812.00100000
813.00100000
814.00100000
815.00100000
816.00100000
817.00100000
818.00100000
819.00100000
820.00100000
821.00100000
822.00100000
823.00100000
824.00100000
825.00100000
826.00100000
827.00100000
828.00100000
829.00100000
830.00100000
831.00100000
832.00100000
833.00100000
834.00100000
835.00100000
836.00100000
837.00100000
838.00100000
839.00100000
840.00100000
841.00100000
842.00100000
843.00100000
844.00100000
845.00100000
846.00100000
847.00100000
848.00100000
849.00100000
850.00100000
851.00100000
852.00100000
853.00100000
854.00100000
855.00100000
856.00100000
857.00100000
858.00100000
859.00100000
860.00100000
861.00100000
862.00100000
863.00100000
864.00100000
865.00100000
866.00100000
867.00100000
868.00100000
869.00100000
870.00100000
871.00100000
872.00100000
873.00100000
874.00100000
875.00100000
876.00100000
877.00100000
878.00100000
879.00100000
880.00100000
881.00100000
882.00100000
883.00100000
884.00100000
885.00100000
886.00100000
887.00100000
888.00100000
889.00100000
890.00100000
891.00100000
892.00100000
893.00100000
894.00100000
895.00100000
896.00100000
897.00100000
898.00100000
899.00100000
900.00100000
901.00100000
902.00100000
903.00100000
904.00100000
905.00100000
906.00100000
907.00100000
908.00100000
909.00100000
910.00100000
911.00100000
912.00100000
913.00100000
914.00100000
915.00100000
916.00100000
917.00100000
918.00100000
919.00100000
920.00100000
921.00100000
922.00100000
923.00100000
924.00100000
925.00100000
926.00100000
927.00100000
928.00100000
929.00100000
930.00100000
931.00100000
932.00100000
933.00100000
934.00100000
935.00100000
936.00100000
937.00100000
938.00100000
939.00100000
940.00100000
941.00100000
942.00100000
943.00100000
944.00100000
945.00100000
946.00100000
947.00100000
948.00100000
949.00100000
950.00100000
951.00100000
952.00100000
953.00100000
954.00100000
955.00100000
956.00100000
957.00100000
958.00100000
959.00100000
960.00100000
961.00100000
962.00100000
963.00100000
964.00100000
965.00100000
966.00100000
967.00100000
968.00100000
969.00100000
970.00100000
971.00100000
972.00100000
973.00100000
974.00100000
975.00100000
976.00100000
977.00100000
978.00100000
979.00100000
980.00100000
981.00100000
982.00100000
983.00100000
984.00100000
985.00100000
986.00100000
987.00100000
988.00100000
989.00100000
990.00100000
991.00100000
992.00100000
993.00100000
994.00100000
995.00100000
996.00100000
997.00100000
998.00100000
999.00100000
1000.00100000
1001.00100000
1002.00100000
1003.00100000
1004.00100000
1005.00100000
1006.00100000
1007.00100000
1008.00100000
1009.00100000
1010.00100000
1011.00100000
1012.00100000
1013.00100000
1014.00100000
1015.00100000
1016.00100000
1017.00100000
1018.00100000
1019.00100000
1020.00100000
1021.00100000
1022.00100000
1023.00100000
1024.00100000
1025.00100000
1026.00100000
1027.00100000
1028.00100000
1029.00100000
1030.00100000
1031.00100000
1032.00100000
1033.00100000
1034.00100000
1035.00100000
1036.00100000
1037.00100000
1038.00100000
1039.00100000
1040.00100000
1041.00100000
1042.00100000
1043.00100000
1044.00100000
1045.00100000
1046.00100000
1047.00100000
1048.00100000
1049.00100000
1050.00100000
1051.00100000
1052.00100000
1053.00100000
1054.00100000
1055.00100000
1056.00100000
1057.00100000
1058.00100000
1059.00100000
1060.00100000
1061.00100000
1062.00100000
1063.00100000
1064.00100000
1065.00100000
1066.00100000
1067.00100000
1068.00100000
1069.00100000
1070.00100000
1071.00100000
1072.00100000
1073.00100000
1074.00100000
1075.00100000
1076.00100000
1077.00100000
1078.00100000
1079.00100000
1080.00100000
1081.00100000
1082.00100000
1083.00100000
1084.00100000
1085.00100000
1086.00100000
1087.00100000
1088.00100000
1089.00100000
1090.00100000
1091.00100000
1092.00100000
1093.00100000
1094.00100000
1095.00100000
1096.00100000
1097.00100000
1098.00100000
1099.00100000
1100.00100000
1101.00100000
1102.00100000
1103.00100000
1104.00100000
1105.00100000
1106.00100000
1107.00100000
1108.00100000
1109.00100000
1110.00100000
1111.00100000
1112.00100000
1113.00100000
1114.00100000
1115.00100000
1116.00100000
1117.00100000
1118.00100000
1119.00100000
1120.00100000
1121.00100000
1122.00100000
1123.00100000
1124.00100000
1125.00100000
1126.00100000
1127.00100000
1128.00100000
1129.00100000
1130.00100000
1131.00100000
1132.00100000
1133.00100000
1134.00100000
1135.00100000
1136.00100000
1137.00100000
1138.00100000
1139.00100000
1140.00100000
1141.00100000
1142.00100000
1143.00100000
1144.00100000
1145.00100000
1146.00100000
1147.00100000
1148.00100000
1149.00100000
1150.00100000
1151.00100000
1152.00100000
1153.00100000
1154.00100000
1155.00100000
1156.00100000
1157.00100000
1158.00100000
1159.00100000
1160.00100000
1161.00100000
1162.00100000
1163.00100000
1164.00100000
1165.00100000
1166.00100000
1167.00100000
1168.00100000
1169.00100000
1170.00100000
1171.00100000
1172.00100000
1173.00100000
1174.00100000
1175.00100000
1176.00100000
1177.00100000
1178.00100000
1179.00100000
1180.00100000
1181.00100000
1182.00100000
1183.00100000
1184.00100000
1185.00100000
1186.00100000
1187.00100000
1188.00100000
1189.00100000
1190.00100000
1191.00100000
1192.00100000
1193.00100000
1194.00100000
1195.00100000
1196.00100000
1197.00100000
1198.00100000
1199.00100000
1200.00100000
1201.00100000
1202.00100000
1203.00100000
1204.00100000
1205.00100000
1206.00100000
1207.00100000
1208.00100000
1209.00100000
1210.00100000
1211.00100000
1212.00100000
1213.00100000
1214.00100000
1215.00100000
1216.00100000
1217.00100000
1218.00100000
1219.00100000
1220.00100000
1221.00100000
1222.00100000
1223.00100000
1224.00100000
1225.00100000
1226.00100000
1227.00100000
1228.00100000
1229.00100000
1230.00100000
1231.00100000
1232.00100000
1233.00100000
1234.00100000
1235.00100000
1236.00100000
1237.00100000
1238.00100000
1239.00100000
1240.00100000
1241.00100000
1242.00100000
1243.00100000
1244.00100000
1245.00100000
1246.00100000
1247.00100000
1248.00100000
1249.00100000
1250.00100000
1251.00100000
1252.00100000
1253.00100000
1254.00100000
1255.00100000
1256.00100000
1257.00100000
1258.00100000
1259.00100000
1260.00100000
1261.00100000
1262.00100000
1263.00100000
1264.00100000
1265.00100000
1266.00100000
1267.00100000
1268.00100000
1269.00100000
1270.00100000
1271.00100000
1272.00100000
1273.00100000
1274.00100000
1275.00100000
1276.00100000
1277.00100000
1278.00100000
1279.00100000
1280.00100000
1281.00100000
1282.00100000
1283.00100000
1284.00100000
1285.00100000
1286.00100000
1287.00100000
1288.00100000
1289.00100000
1290.00100000
1291.00100000
1292.00100000
1293.00100000
1294.00100000
1295.00100000
1296.00100000
1297.00100000
1298.00100000
1299.00100000
1300.00100000
1301.00100000
1302.00100000
1303.00100000
1304.00100000
1305.00100000
1306.00100000
1307.00100000
1308.00100000
1309.00100000
1310.00100000
1311.00100000
1312.00100000
1313.00100000
1314.00100000
1315.00100000
1316.00100000
1317.00100000
1318.00100000
1319.00100000
1320.00100000
1321.00100000
1322.00100000
1323.00100000
1324.00100000
1325.00100000
1326.00100000
1327.00100000
1328.00100000
1329.00100000
1330.00100000
1331.00100000
1332.00100000
1333.00100000
1334.00100000
1335.00100000
1336.00100000
1337.00100000
1338.00100000
1339.00100000
1340.00100000
1341.00100000
1342.00100000
1343.00100000
1344.00100000
1345.00100000
1346.00100000
1347.00100000
1348.00100000
1349.00100000
1350.00100000
1351.00100000
1352.00100000
1353.00100000
1354.00100000
1355.00100000
1356.00100000
1357.00100000
1358.00100000
1359.00100000
1360.00100000
1361.00100000
1362.00100000
1363.00100000
1364.00100000
1365.00100000
1366.00100000
1367.00100000
1368.00100000
1369.00100000
1370.00100000
1371.00100000
1372.00100000
1373.00100000
1374.00100000
1375.00100000
1376.00100000
1377.00100000
1378.00100000
1379.00100000
1380.00100000
1381.00100000
1382.00100000
1383.00100000
1384.00100000
1385.00100000
1386.00100000
1387.00100000
1388.00100000
1389.00100000
1390.00100000
1391.00100000
1392.00100000
1393.00100000
1394.00100000
1395.00100000
1396.00100000
1397.00100000
1398.00100000
1399.00100000
1400.00100000
1401.00100000
1402.00100000
1403.00100000
1404.00100000
1405.00100000
1406.00100000
1407.00100000
1408.00100000
1409.00100000
1410.00100000
1411.00100000
1412.00100000
1413.00100000
1414.00100000
1415.00100000
1416.00100000
1417.00100000
1418.00100000
1419.00100000
1420.00100000
1421.00100000
1422.00100000
1423.00100000
1424.00100000
1425.00100000
1426.00100000
1427.00100000
1428.00100000
1429.00100000
1430.00100000
1431.00100000
1432.00100000
1433.00100000
1434.00100000
1435.00100000
1436.00100000
1437.00100000
1438.00100000
1439.00100000
1440.00100000
1441.00100000
1442.00100000
1443.00100000
1444.00100000
1445.00100000
1446.00100000
1447.00100000
1448.00100000
1449.00100000
1450.00100000
1451.00100000
1452.00100000
1453.00100000
1454.00100000
1455.00100000
1456.00100000
1457.00100000
1458.00100000
1459.00100000
1460.00100000
1461.00100000
1462.00100000
1463.00100000
1464.00100000
1465.00100000
1466.00100000
1467.00100000
1468.00100000
1469.00100000
1470.00100000
1471.00100000
1472.00100000
1473.00100000
1474.00100000
1475.00100000
1476.00100000
1477.00100000
1478.00100000
1479.00100000
1480.00100000
1481.00100000
1482.00100000
1483.00100000
1484.00100000
1485.00100000
1486.00100000
1487.00100000
1488.00100000
1489.00100000
1490.00100000
1491.00100000
1492.00100000
1493.00100000
1494.00100000
1495.00100000
1496.00100000
1497.00100000
1498.00100000
1499.00100000
1500.00100000
1501.00100000
1502.00100000
1503.00100000
1504.00100000
1505.00100000
1506.00100000
1507.00100000
1508.00100000
1509.00100000
1510.00100000
1511.00100000
1512.00100000
1513.00100000
1514.00100000
1515.00100000
1516.00100000
1517.00100000
1518.00100000
1519.00100000
1520.00100000
1521.00100000
1522.00100000
1523.00100000
1524.00100000
1525.00100000
1526.00100000
1527.00100000
1528.00100000
1529.00100000
1530.00100000
1531.00100000
1532.00100000
1533.00100000
1534.00100000
1535.00100000
1536.00100000
1537.00100000
1538.00100000
1539.00100000
1540.00100000
1541.00100000
1542.00100000
1543.00100000
1544.00100000
1545.00100000
1546.00100000
1547.00100000
1548.00100000
1549.00100000
1550.00100000
1551.00100000
1552.00100000
1553.00100000
1554.00100000
1555.00100000
1556.00100000
1557.00100000
1558.00100000
1559.00100000
1560.00100000
1561.00100000
1562.00100000
1563.00100000
1564.00100000
1565.00100000
1566.00100000
1567.00100000
1568.00100000
1569.00100000
1570.00100000
1571.00100000
1572.00100000
1573.00100000
1574.00100000
1575.00100000
1576.00100000
1577.00100000
1578.00100000
1579.00100000
1580.00100000
1581.00100000
1582.00100000
1583.00100000
1584.00100000
1585.00100000
1586.00100000
1587.00100000
1588.00100000
1589.00100000
1590.00100000
1591.00100000
1592.00100000
1593.00100000
1594.00100000
1595.00100000
1596.00100000
1597.00100000
1598.00100000
1599.00100000
1600.00100000
1601.00100000
1602.00100000
1603.00100000
1604.00100000
1605.00100000
1606.00100000
1607.00100000
1608.00100000
1609.00100000
1610.00100000
1611.00100000
1612.00100000
1613.00100000
1614.00100000
1615.00100000
1616.00100000
1617.00100000
1618.00100000
1619.00100000
1620.00100000
1621.00100000
1622.00100000
1623.00100000
1624.00100000
1625.00100000
1626.00100000
1627.00100000
1628.00100000
1629.00100000
1630.00100000
1631.00100000
1632.00100000
1633.00100000
1634.00100000
1635.00100000
1636.00100000
1637.00100000
1638.00100000
1639.00100000
1640.00100000
1641.00100000
1642.00100000
1643.00100000
1644.00100000
1645.00100000
1646.00100000
1647.00100000
1648.00100000
1649.00100000
1650.00100000
1651.00100000
1652.00100000
1653.00100000
1654.00100000
1655.00100000
1656.00100000
1657.00100000
1658.00100000
1659.00100000
1660.00100000
1661.00100000
1662.00100000
1663.00100000
1664.00100000
1665.00100000
1666.00100000
1667.00100000
1668.00100000
1669.00100000
1670.00100000
1671.00100000
1672.00100000
1673.00100000
1674.00100000
1675.00100000
1676.00100000
1677.00100000
1678.00100000
1679.00100000
1680.00100000
1681.00100000
1682.00100000
1683.00100000
1684.00100000
1685.00100000
1686.00100000
1687.00100000
1688.00100000
1689.00100000
1690.00100000
1691.00100000
1692.00100000
1693.00100000
1694.00100000
1695.00100000
1696.00100000
1697.00100000
1698.00100000
1699.00100000
1700.00100000
1701.00100000
1702.00100000
1703.00100000
1704.00100000
1705.00100000
1706.00100000
1707.00100000
1708.00100000
1709.00100000
1710.00100000
1711.00100000
1712.00100000
1713.00100000
1714.00100000
1715.00100000
1716.00100000
1717.00100000
1718.00100000
1719.00100000
1720.00100000
1721.00100000
1722.00100000
1723.00100000
1724.00100000
1725.00100000
1726.00100000
1727.00100000
1728.00100000
1729.00100000
1730.00100000
1731.00100000
1732.00100000
1733.00100000
1734.00100000
1735.00100000
1736.00100000
1737.00100000
1738.00100000
1739.00100000
1740.00100000
1741.00100000
1742.00100000
1743.00100000
1744.00100000
1745.00100000
1746.00100000
1747.00100000
1748.00100000
1749.00100000
1750.00100000
1751.00100000
1752.00100000
1753.00100000
1754.00100000
1755.00100000
1756.00100000
1757.00100000
1758.00100000
1759.00100000
1760.00100000
1761.00100000
1762.00100000
1763.00100000
1764.00100000
1765.00100000
1766.00100000
1767.00100000
1768.00100000
1769.00100000
1770.00100000
1771.00100000
1772.00100000
1773.00100000
1774.00100000
1775.00100000
1776.00100000
1777.00100000
1778.00100000
1779.00100000
1780.00100000
1781.00100000
1782.00100000
1783.00100000
1784.00100000
1785.00100000
1786.00100000
1787.00100000
1788.00100000
1789.00100000
1790.00100000
1791.00100000
1792.00100000
1793.00100000
1794.00100000
1795.00100000
1796.00100000
1797.00100000
1798.00100000
1799.00100000
1800.00100000
1801.00100000
1802.00100000
1803.00100000
1804.00100000
1805.00100000
1806.00100000
1807.00100000
1808.00100000
1809.00100000
1810.00100000
1811.00100000
1812.00100000
1813.00100000
1814.00100000
1815.00100000
1816.00100000
1817.00100000
1818.00100000
1819.00100000
1820.00100000
1821.00100000
1822.00100000
1823.00100000
1824.00100000
1825.00100000
1826.00100000
1827.00100000
1828.00100000
1829.00100000
1830.00100000
1831.00100000
1832.00100000
1833.00100000
1834.00100000
1835.00100000
1836.00100000
1837.00100000
1838.00100000
1839.00100000
1840.00100000
1841.00100000
1842.00100000
1843.00100000
1844.00100000
1845.00100000
1846.00100000
1847.00100000
1848.00100000
1849.00100000
1850.00100000
1851.00100000
1852.00100000
1853.00100000
1854.00100000
1855.00100000
1856.00100000
1857.00100000
1858.00100000
1859.00100000
1860.00100000
1861.00100000
1862.00100000
1863.00100000
1864.00100000
1865.00100000
1866.00100000
1867.00100000
1868.00100000
1869.00100000
1870.00100000
1871.00100000
1872.00100000
1873.00100000
1874.00100000
1875.00100000
1876.00100000
1877.00100000
1878.00100000
1879.00100000
1880.00100000
1881.00100000
1882.00100000
1883.00100000
1884.00100000
1885.00100000
1886.00100000
1887.00100000
1888.00100000
1889.00100000
1890.00100000
1891.00100000
1892.00100000
1893.00100000
1894.00100000
1895.00100000
1896.00100000
1897.00100000
1898.00100000
1899.00100000
1900.00100000
1901.00100000
1902.00100000
1903.00100000
1904.00100000
1905.00100000
1906.00100000
1907.00100000
1908.00100000
1909.00100000
1910.00100000
1911.00100000
1912.00100000
1913.00100000
1914.00100000
1915.00100000
1916.00100000
1917.00100000
1918.00100000
1919.00100000
1920.00100000
1921.00100000
1922.00100000
1923.00100000
1924.00100000
1925.00100000
1926.00100000
1927.00100000
1928.00100000
1929.00100000
1930.00100000
1931.00100000
1932.00100000
1933.00100000
1934.00100000
1935.00100000
1936.00100000
1937.00100000
1938.00100000
1939.00100000
1940.00100000
1941.00100000
1942.00100000
1943.00100000
1944.00100000
1945.00100000
1946.00100000
1947.00100000
1948.00100000
1949.00100000
1950.00100000
1951.00100000
1952.00100000
1953.00100000
1954.00100000
1955.00100000
1956.00100000
1957.00100000
1958.00100000
1959.00100000
1960.00100000
1961.00100000
1962.00100000
1963.00100000
1964.00100000
1965.00100000
1966.00100000
1967.00100000
1968.00100000
1969.00100000
1970.00100000
1971.00100000
1972.00100000
1973.00100000
1974.00100000
1975.00100000
1976.00100000
1977.00100000
1978.00100000
1979.00100000
1980.00100000
1981.00100000
1982.00100000
1983.00100000
1984.00100000
1985.00100000
1986.00100000
1987.00100000
1988.00100000
1989.00100000
1990.00100000
1991.00100000
1992.00100000
1993.00100000
1994.00100000
1995.00100000
1996.00100000
1997.00100000
1998.00100000
1999.00100000
2000.00100000
2001.00100000
2002.00100000
2003.00100000
2004.00100000
2005.00100000
2006.00100000
2007.00100000
2008.00100000
2009.00100000
2010.00100000
2011.00100000
2012.00100000
2013.00100000
2014.00100000
2015.00100000
2016.00100000
2017.00100000
2018.00100000
2019.00100000
2020.00100000
2021.00100000
2022.00100000
2023.00100000
2024.00100000
2025.00100000
2026.00100000
2027.00100000
2028.00100000
2029.00100000
2030.00100000
2031.00100000
2032.00100000
2033.00100000
2034.00100000
2035.00100000
2036.00100000
2037.00100000
2038.00100000
2039.00100000
2040.00100000
2041.00100000
2042.00100000
2043.00100000
2044.00100000
2045.00100000
2046.00100000
2047.00100000
2048.00100000
2049.00100000
2050.00100000
2051.00100000
2052.00100000
2053.00100000
2054.00100000
2055.00100000
2056.00100000
2057.00100000
2058.00100000
2059.00100000
2060.00100000
2061.00100000
2062.00100000
2063.00100000
2064.00100000
2065.00100000
2066.00100000
2067.00100000
2068.00100000
2069.00100000
2070.00100000
2071.00100000
2072.00100000
2073.00100000
2074.00100000
2075.00100000
2076.00100000
2077.00100000
2078.00100000
2079.00100000
2080.00100000
2081.00100000
2082.00100000
2083.00100000
2084.00100000
2085.00100000
2086.00100000
2087.00100000
2088.00100000
2089.00100000
2090.00100000
2091.00100000
2092.00100000
2093.00100000
2094.00100000
2095.00100000
2096.00100000
2097.00100000
2098.00100000
2099.00100000
2100.00100000
2101.00100000
2102.00100000
2103.00100000
2104.00100000
2105.00100000
2106.00100000
2107.00100000
2108.00100000
2109.00100000
2110.00100000
2111.00100000
2112.00100000
2113.00100000
2114.00100000
2115.00100000
2116.00100000
2117.00100000
2118.00100000
2119.00100000
2120.00100000
2121.00100000
2122.00100000
2123.00100000
2124.00100000
2125.00100000
2126.00100000
2127.00100000
2128.00100000
2129.00100000
2130.00100000
2131.00100000
2132.00100000
2133.00100000
2134.00100000
2135.00100000
2136.00100000
2137.00100000
2138.00100000
2139.00100000
2140.00100000
2141.00100000
2142.00100000
2143.00100000
2144.00100000
2145.00100000
2146.00100000
2147.00100000
2148.00100000
2149.00100000
2150.00100000
2151.00100000
2152.00100000
2153.00100000
2154.00100000
2155.00100000
2156.00100000
2157.00100000
2158.00100000
2159.00100000
2160.00100000
2161.00100000
2162.00100000
2163.00100000
2164.00100000
2165.00100000
2166.00100000
2167.00100000
2168.00100000
2169.00100000
2170.00100000
2171.00100000
2172.00100000
2173.00100000
2174.00100000
2175.00100000
2176.00100000
2177.00100000
2178.00100000
2179.00100000
2180.00100000
2181.00100000
2182.00100000
2183.00100000
2184.00100000
2185.00100000
2186.00100000
2187.00100000
2188.00100000
2189.00100000
2190.00100000
2191.00100000
2192.00100000
2193.00100000
2194.00100000
2195.00100000
2196.00100000
2197.00100000
2198.00100000
2199.00100000
2200.00100000
2201.00100000
2202.00100000
2203.00100000
2204.00100000
2205.00100000
2206.00100000
2207.00100000
2208.00100000
2209.00100000
2210.00100000
2211.00100000
2212.00100000
2213.00100000
2214.00100000
2215.00100000
2216.00100000
2217.00100000
2218.00100000
2219.00100000
2220.00100000
2221.00100000
2222.00100000
2223.00100000
2224.00100000
2225.00100000
2226.00100000
2227.00100000
2228.00100000
2229.00100000
2230.00100000
2231.00100000
2232.00100000
2233.00100000
2234.00100000
2235.00100000
2236.00100000
2237.00100000
2238.00100000
2239.00100000
2240.00100000
2241.00100000
2242.00100000
2243.00100000
2244.00100000
2245.00100000
2246.00100000
2247.00100000
2248.00100000
2249.00100000
2250.00100000
2251.00100000
2252.00100000
2253.00100000
2254.00100000
2255.00100000
2256.00100000
2257.00100000
2258.00100000
2259.00100000
2260.00100000
2261.00100000
2262.00100000
2263.00100000
2264.00100000
2265.00100000
2266.00100000
2267.00100000
2268.00100000
2269.00100000
2270.00100000
2271.00100000
2272.00100000
2273.00100000
2274.00100000
2275.00100000
2276.00100000
2277.00100000
2278.00100000
2279.00100000
2280.00100000
2281.00100000
2282.00100000
2283.00100000
2284.00100000
2285.00100000
2286.00100000
2287.00100000
2288.00100000
2289.00100000
2290.00100000
2291.00100000
2292.00100000
2293.00100000
2294.00100000
2295.00100000
2296.00100000
2297.00100000
2298.00100000
2299.00100000
2300.00100000
2301.00100000
2302.00100000
2303.00100000
2304.00100000
2305.00100000
2306.00100000
2307.00100000
2308.00100000
2309.00100000
2310.00100000
2311.00100000
2312.00100000
2313.00100000
2314.00100000
2315.00100000
2316.00100000
2317.00100000
2318.00100000
2319.00100000
2320.00100000
2321.00100000
2322.00100000
2323.00100000
2324.00100000
2325.00100000
2326.00100000
2327.00100000
2328.00100000
2329.00100000
2330.00100000
2331.00100000
2332.00100000
2333.00100000
2334.00100000
2335.00100000
2336.00100000
2337.00100000
2338.00100000
2339.00100000
2340.00100000
2341.00100000
2342.00100000
2343.00100000
2344.00100000
2345.00100000
2346.00100000
2347.00100000
2348.00100000
2349.00100000
2350.00100000
2351.00100000
2352.00100000
2353.00100000
2354.00100000
2355.00100000
2356.00100000
2357.00100000
2358.00100000
2359.00100000
2360.00100000
2361.00100000
2362.00100000
2363.00100000
2364.00100000
2365.00100000
2366.00100000
2367.00100000
2368.00100000
2369.00100000
2370.00100000
2371.00100000
2372.00100000
2373.00100000
2374.00100000
2375.00100000
2376.00100000
2377.00100000
2378.00100000
2379.00100000
2380.00100000
2381.00100000
2382.00100000
2383.00100000
2384.00100000
2385.00100000
2386.00100000
2387.00100000
2388.00100000
2389.00100000
2390.00100000
2391.00100000
2392.00100000
2393.00100000
2394.00100000
2395.00100000
2396.00100000
2397.00100000
2398.00100000
2399.00100000
2400.00100000
2401.00100000
2402.00100000
2403.00100000
2404.00100000
2405.00100000
2406.00100000
2407.00100000
2408.00100000
2409.00100000
2410.00100000
2411.00100000
2412.00100000
2413.00100000
2414.00100000
2415.00100000
2416.00100000
2417.00100000
2418.00100000
2419.00100000
2420.00100000
2421.00100000
2422.00100000
2423.00100000
2424.00100000
2425.00100000
2426.00100000
2427.00100000
2428.00100000
2429.00100000
2430.00100000
2431.00100000
2432.00100000
2433.00100000
2434.00100000
2435.00100000
2436.00100000
2437.00100000
2438.00100000
2439.00100000
2440.00100000
2441.00100000
2442.00100000
2443.00100000
2444.00100000
2445.00100000
2446.00100000
2447.00100000
2448.00100000
2449.00100000
2450.00100000
2451.00100000
2452.00100000
2453.00100000
2454.00100000
2455.00100000
2456.00100000
2457.00100000
2458.00100000
2459.00100000
2460.00100000
2461.00100000
2462.00100000
2463.00100000
2464.00100000
2465.00100000
2466.00100000
2467.00100000
2468.00100000
2469.00100000
2470.00100000
2471.00100000
2472.00100000
2473.00100000
2474.00100000
2475.00100000
2476.00100000
2477.00100000
2478.00100000
2479.00100000
2480.00100000
2481.00100000
2482.00100000
2483.00100000
2484.00100000
2485.00100000
2486.00100000
2487.00100000
2488.00100000
2489.00100000
2490.00100000
2491.00100000
2492.00100000
2493.00100000
2494.00100000
2495.00100000
2496.00100000
2497.00100000
2498.00100000
2499.00100000
2500.00100000
2501.00100000
2502.00100000
2503.00100000
2504.00100000
2505.00100000
2506.00100000
2507.00100000
2508.00100000
2509.00100000
2510.00100000
2511.00100000
2512.00100000
2513.00100000
2514.00100000
2515.00100000
2516.00100000
2517.00100000
2518.00100000
2519.00100000
2520.00100000
2521.00100000
2522.00100000
2523.00100000
2524.00100000
2525.00100000
2526.00100000
2527.00100000
2528.00100000
2529.00100000
2530.00100000
2531.00100000
2532.00100000
2533.00100000
2534.00100000
2535.00100000
2536.00100000
2537.00100000
2538.00100000
2539.00100000
2540.00100000
2541.00100000
2542.00100000
2543.00100000
2544.00100000
2545.00100000
2546.00100000
2547.00100000
2548.00100000
2549.00100000
2550.00100000
2551.00100000
2552.00100000
2553.00100000
2554.00100000
2555.00100000
2556.00100000
2557.00100000
2558.00100000
2559.00100000
2560.00100000
2561.00100000
2562.00100000
2563.00100000
2564.00100000
2565.00100000
2566.00100000
2567.00100000
2568.00100000
2569.00100000
2570.00100000
2571.00100000
2572.00100000
2573.00100000
2574.00100000
2575.00100000
2576.00100000
2577.00100000
2578.00100000
2579.00100000
2580.00100000
2581.00100000
2582.00100000
2583.00100000
2584.00100000
2585.00100000
2586.00100000
2587.00100000
2588.00100000
2589.00100000
2590.00100000
2591.00100000
2592.00100000
2593.00100000
2594.00100000
2595.00100000
2596.00100000
2597.00100000
2598.00100000
2599.00100000
2600.00100000
2601.00100000
2602.00100000
2603.00100000
2604.00100000
2605.00100000
2606.00100000
2607.00100000
2608.00100000
2609.00100000
2610.00100000
2611.00100000
2612.00100000
2613.00100000
2614.00100000
2615.00100000
2616.00100000
2617.00100000
2618.00100000
2619.00100000
2620.00100000
2621.00100000
2622.00100000
2623.00100000
2624.00100000
2625.00100000
2626.00100000
2627.00100000
2628.00100000
2629.00100000
2630.00100000
2631.00100000
2632.00100000
2633.00100000
2634.00100000
2635.00100000
2636.00100000
2637.00100000
2638.00100000
2639.00100000
2640.00100000
2641.00100000
2642.00100000
2643.00100000
2644.00100000
2645.00100000
2646.00100000
2647.00100000
2648.00100000
2649.00100000
2650.00100000
2651.00100000
2652.00100000
2653.00100000
2654.00100000
2655.00100000
2656.00100000
2657.00100000
2658.00100000
2659.00100000
2660.00100000
2661.00100000
2662.00100000
2663.00100000
2664.00100000
2665.00100000
2666.00100000
2667.00100000
2668.00100000
2669.00100000
2670.00100000
2671.00100000
2672.00100000
2673.00100000
2674.00100000
2675.00100000
2676.00100000
2677.00100000
2678.00100000
2679.00100000
2680.00100000
2681.00100000
2682.00100000
2683.00100000
2684.00100000
2685.00100000
2686.00100000
2687.00100000
2688.00100000
2689.00100000
2690.00100000
2691.00100000
2692.00100000
2693.00100000
2694.00100000
2695.00100000
2696.00100000
2697.00100000
2698.00100000
2699.00100000
2700.00100000
2701.00100000
2702.00100000
2703.00100000
2704.00100000
2705.00100000
2706.00100000
2707.00100000
2708.00100000
2709.00100000
2710.00100000
2711.00100000
2712.00100000
2713.00100000
2714.00100000
2715.00100000
2716.00100000
2717.00100000
2718.00100000
2719.00100000
2720.00100000
2721.00100000
2722.00100000
2723.00100000
2724.00100000
2725.00100000
2726.00100000
2727.00100000
2728.00100000
2729.00100000
2730.00100000
2731.00100000
2732.00100000
2733.00100000
2734.00100000
2735.00100000
2736.00100000
2737.00100000
2738.00100000
2739.00100000
2740.00100000
2741.00100000
2742.00100000
2743.00100000
2744.00100000
2745.00100000
2746.00100000
2747.00100000
2748.00100000
2749.00100000
2750.00100000
2751.00100000
2752.00100000
2753.00100000
2754.00100000
2755.00100000
2756.00100000
2757.00100000
2758.00100000
2759.00100000
2760.00100000
2761.00100000
2762.00100000
2763.00100000
2764.00100000
2765.00100000
2766.00100000
2767.00100000
2768.00100000
2769.00100000
2770.00100000
2771.00100000
2772.00100000
2773.00100000
2774.00100000
2775.00100000
2776.00100000
2777.00100000
2778.00100000
2779.00100000
2780.00100000
2781.00100000
2782.00100000
2783.00100000
2784.00100000
2785.00100000
2786.00100000
2787.00100000
2788.00100000
2789.00100000
2790.00100000
2791.00100000
2792.00100000
2793.00100000
2794.00100000
2795.00100000
2796.00100000
2797.00100000
2798.00100000
2799.00100000
2800.00100000
2801.00100000
2802.00100000
2803.00100000
2804.00100000
2805.00100000
2806.00100000
2807.00100000
2808.00100000
2809.00100000
2810.00100000
2811.00100000
2812.00100000
2813.00100000
2814.00100000
2815.00100000
2816.00100000
2817.00100000
2818.00100000
2819.00100000
2820.00100000
2821.00100000
2822.00100000
2823.00100000
2824.00100000
2825.00100000
2826.00100000
2827.00100000
2828.00100000
2829.00100000
2830.00100000
2831.00100000
2832.00100000
2833.00100000
2834.00100000
2835.00100000
2836.00100000
2837.00100000
2838.00100000
2839.00100000
2840.00100000
2841.00100000
2842.00100000
2843.00100000
2844.00100000
2845.00100000
2846.00100000
2847.00100000
2848.00100000
2849.00100000
2850.00100000
2851.00100000
2852.00100000
2853.00100000
2854.00100000
2855.00100000
2856.00100000
2857.00100000
2858.00100000
2859.00100000
2860.00100000
2861.00100000
2862.00100000
2863.00100000
2864.00100000
2865.00100000
2866.00100000
2867.00100000
2868.00100000
2869.00100000
2870.00100000
2871.00100000
2872.00100000
2873.00100000
2874.00100000
2875.00100000
2876.00100000
2877.00100000
2878.00100000
2879.00100000
2880.00100000
2881.00100000
2882.00100000
2883.00100000
2884.00100000
2885.00100000
2886.00100000
2887.00100000
2888.00100000
2889.00100000
2890.00100000
2891.00100000
2892.00100000
2893.00100000
2894.00100000
2895.00100000
2896.00100000
2897.00100000
2898.00100000
2899.00100000
2900.00100000
2901.00100000
2902.00100000
2903.00100000
2904.00100000
2905.00100000
2906.00100000
2907.00100000
2908.00100000
2909.00100000
2910.00100000
2911.00100000
2912.00100000
2913.00100000
2914.00100000
2915.00100000
2916.00100000
2917.00100000
2918.00100000
2919.00100000
2920.00100000
2921.00100000
2922.00100000
2923.00100000
2924.00100000
2925.00100000
2926.00100000
2927.00100000
2928.00100000
2929.00100000
2930.00100000
2931.00100000
2932.00100000
2933.00100000
2934.00100000
2935.00100000
2936.00100000
2937.00100000
2938.00100000
2939.00100000
2940.00100000
2941.00100000
2942.00100000
2943.00100000
2944.00100000
2945.00100000
2946.00100000
2947.00100000
2948.00100000
2949.00100000
2950.00100000
2951.00100000
2952.00100000
2953.00100000
2954.00100000
2955.00100000
2956.00100000
2957.00100000
2958.00100000
2959.00100000
2960.00100000
2961.00100000
2962.00100000
2963.00100000
2964.00100000
2965.00100000
2966.00100000
2967.00100000
2968.00100000
2969.00100000
2970.00100000
2971.00100000
2972.00100000
2973.00100000
2974.00100000
2975.00100000
2976.00100000
2977.00100000
2978.00100000
2979.00100000
2980.00100000
2981.00100000
2982.00100000
2983.00100000
2984.00100000
2985.00100000
2986.00100000
2987.00100000
2988.00100000
2989.00100000
2990.00100000
2991.00100000
2992.00100000
2993.00100000
2994.00100000
2995.00100000
2996.00100000
2997.00100000
2998.00100000
2999.00100000
3000.00100000
3001.00100000
3002.00100000
3003.00100000
3004.00100000
3005.00100000
3006.00100000
3007.00100000
3008.00100000
3009.00100000
3010.00100000
3011.00100000
3012.00100000
3013.00100000
3014.00100000
3015.00100000
3016.00100000
3017.00100000
3018.00100000
3019.00100000
3020.00100000
3021.00100000
3022.00100000
3023.00100000
3024.00100000
3025.00100000
3026.00100000
3027.00100000
3028.00100000
3029.00100000
3030.00100000
3031.00100000
3032.00100000
3033.00100000
3034.00100000
3035.00100000
3036.00100000
3037.00100000
3038.00100000
3039.00100000
3040.00100000
3041.00100000
3042.00100000
3043.00100000
3044.00100000
3045.00100000
3046.00100000
3047.00100000
3048.00100000
3049.00100000
3050.00100000
3051.00100000
3052.00100000
3053.00100000
3054.00100000
3055.00100000
3056.00100000
3057.00100000
3058.00100000
3059.00100000
3060.00100000
3061.00100000
3062.00100000
3063.00100000
3064.00100000
3065.00100000
3066.00100000
3067.00100000
3068.00100000
3069.00100000
3070.00100000
3071.00100000
3072.00100000
3073.00100000
3074.00100000
3075.00100000
3076.00100000
3077.00100000
3078.00100000
3079.00100000
3080.00100000
3081.00100000
3082.00100000
3083.00100000
3084.00100000
3085.00100000
3086.00100000
3087.00100000
3088.00100000
3089.00100000
3090.00100000
3091.00100000
3092.00100000
3093.00100000
3094.00100000
3095.00100000
3096.00100000
3097.00100000
3098.00100000
3099.00100000
3100.00100000
3101.00100000
3102.00100000
3103.00100000
3104.00100000
3105.00100000
3106.00100000
3107.00100000
3108.00100000
3109.00100000
3110.00100000
3111.00100000
3112.00100000
3113.00100000
3114.00100000
3115.00100000
3116.00100000
3117.00100000
3118.00100000
3119.00100000
3120.00100000
3121.00100000
3122.00100000
3123.00100000
3124.00100000
3125.00100000
3126.00100000
3127.00100000
3128.00100000
3129.00100000
3130.00100000
3131.00100000
3132.00100000
3133.00100000
3134.00100000
3135.00100000
3136.00100000
3137.00100000
3138.00100000
3139.00100000
3140.00100000
3141.00100000
3142.00100000
3143.00100000
3144.00100000
3145.00100000
3146.00100000
3147.00100000
3148.00100000
3149.00100000
3150.00100000
3151.00100000
3152.00100000
3153.00100000
3154.00100000
3155.00100000
3156.00100000
3157.00100000
3158.00100000
3159.00100000
3160.00100000
3161.00100000
3162.00100000
3163.00100000
3164.00100000
3165.00100000
3166.00100000
3167.00100000
3168.00100000
3169.00100000
3170.00100000
3171.00100000
3172.00100000
3173.00100000
3174.00100000
3175.00100000
3176.00100000
3177.00100000
3178.00100000
3179.00100000
3180.00100000
3181.00100000
3182.00100000
3183.00100000
3184.00100000
3185.00100000
3186.00100000
3187.00100000
3188.00100000
3189.00100000
3190.00100000
3191.00100000
3192.00100000
3193.00100000
3194.00100000
3195.00100000
3196.00100000
3197.00100000
3198.00100000
3199.00100000
3200.00100000
3201.00100000
3202.00100000
3203.00100000
3204.00100000
3205.00100000
3206.00100000
3207.00100000
3208.00100000
3209.00100000
3210.00100000
3211.00100000
3212.00100000
3213.00100000
3214.00100000
3215.00100000
3216.00100000
3217.00100000
3218.00100000
3219.00100000
3220.00100000
3221.00100000
3222.00100000
3223.00100000
3224.00100000
3225.00100000
3226.00100000
3227.00100000
3228.00100000
3229.00100000
3230.00100000
3231.00100000
3232.00100000
3233.00100000
3234.00100000
3235.00100000
3236.00100000
3237.00100000
3238.00100000
3239.00100000
3240.00100000
3241.00100000
3242.00100000
3243.00100000
3244.00100000
3245.00100000
3246.00100000
3247.00100000
3248.00100000
3249.00100000
3250.00100000
3251.00100000
3252.00100000
3253.00100000
3254.00100000
3255.00100000
3256.00100000
3257.00100000
3258.00100000
3259.00100000
3260.00100000
3261.00100000
3262.00100000
3263.00100000
3264.00100000
3265.00100000
3266.00100000
3267.00100000
3268.00100000
3269.00100000
3270.00100000
3271.00100000
3272.00100000
3273.00100000
3274.00100000
3275.00100000
3276.00100000
3277.00100000
3278.00100000
3279.00100000
3280.00100000
3281.00100000
3282.00100000
3283.00100000
3284.00100000
3285.00100000
3286.00100000
3287.00100000
3288.00100000
3289.00100000
3290.00100000
3291.00100000
3292.00100000
3293.00100000
3294.00100000
3295.00100000
3296.00100000
3297.00100000
3298.00100000
3299.00100000
3300.00100000
3301.00100000
3302.00100000
3303.00100000
3304.00100000
3305.00100000
3306.00100000
3307.00100000
3308.00100000
3309.00100000
3310.00100000
3311.00100000
3312.00100000
3313.00100000
3314.00100000
3315.00100000
3316.00100000
3317.00100000
3318.00100000
3319.00100000
3320.00100000
3321.00100000
3322.00100000
3323.00100000
3324.00100000
3325.00100000
3326.00100000
3327.00100000
3328.00100000
3329.00100000
3330.00100000
3331.00100000
3332.00100000
3333.00100000
3334.00100000
3335.00100000
3336.00100000
3337.00100000
3338.00100000
3339.00100000
3340.00100000
3341.00100000
3342.00100000
3343.00100000
3344.00100000
3345.00100000
3346.00100000
3347.00100000
3348.00100000
3349.00100000
3350.00100000
3351.00100000
3352.00100000
3353.00100000
3354.00100000
3355.00100000
3356.00100000
3357.00100000
3358.00100000
3359.00100000
3360.00100000
3361.00100000
3362.00100000
3363.00100000
3364.00100000
3365.00100000
3366.00100000
3367.00100000
3368.00100000
3369.00100000
3370.00100000
3371.00100000
3372.00100000
3373.00100000
3374.00100000
3375.00100000
3376.00100000
3377.00100000
3378.00100000
3379.00100000
3380.00100000
3381.00100000
3382.00100000
3383.00100000
3384.00100000
3385.00100000
3386.00100000
3387.00100000
3388.00100000
3389.00100000
3390.00100000
3391.00100000
3392.00100000
3393.00100000
3394.00100000
3395.00100000
3396.00100000
3397.00100000
3398.00100000
3399.00100000
3400.00100000
3401.00100000
3402.00100000
3403.00100000
3404.00100000
3405.00100000
3406.00100000
3407.00100000
3408.00100000
3409.00100000
3410.00100000
3411.00100000
3412.00100000
3413.00100000
3414.00100000
3415.00100000
3416.00100000
3417.00100000
3418.00100000
3419.00100000
3420.00100000
3421.00100000
3422.00100000
3423.00100000
3424.00100000
3425.00100000
3426.00100000
3427.00100000
3428.00100000
3429.00100000
3430.00100000
3431.00100000
3432.00100000
3433.00100000
3434.00100000
3435.00100000
3436.00100000
3437.00100000
3438.00100000
3439.00100000
3440.00100000
3441.00100000
3442.00100000
3443.00100000
3444.00100000
3445.00100000
3446.00100000
3447.00100000
3448.00100000
3449.00100000
3450.00100000
3451.00100000
3452.00100000
3453.00100000
3454.00100000
3455.00100000
3456.00100000
3457.00100000
3458.00100000
3459.00100000
3460.00100000
3461.00100000
3462.00100000
3463.00100000
3464.00100000
3465.00100000
3466.00100000
3467.00100000
3468.00100000
3469.00100000
3470.00100000
3471.00100000
3472.00100000
3473.00100000
3474.00100000
3475.00100000
3476.00100000
3477.00100000
3478.00100000
3479.00100000
3480.00100000
3481.00100000
3482.00100000
3483.00100000
3484.00100000
3485.00100000
3486.00100000
3487.00100000
3488.00100000
3489.00100000
3490.00100000
3491.00100000
3492.00100000
3493.00100000
3494.00100000
3495.00100000
3496.00100000
3497.00100000
3498.00100000
3499.00100000
3500.00100000
3501.00100000
3502.00100000
3503.00100000
3504.00100000
3505.00100000
3506.00100000
3507.00100000
3508.00100000
3509.00100000
3510.00100000
3511.00100000
3512.00100000
3513.00100000
3514.00100000
3515.00100000
3516.00100000
3517.00100000
3518.00100000
3519.00100000
3520.00100000
3521.00100000
3522.00100000
3523.00100000
3524.00100000
3525.00100000
3526.00100000
3527.00100000
3528.00100000
3529.00100000
3530.00100000
3531.00100000
3532.00100000
3533.00100000
3534.00100000
3535.00100000
3536.00100000
3537.00100000
3538.00100000
3539.00100000
3540.00100000
3541.00100000
3542.00100000
3543.00100000
3544.00100000
3545.00100000
3546.00100000
3547.00100000
3548.00100000
3549.00100000
3550.00100000
3551.00100000
3552.00100000
3553.00100000
3554.00100000
3555.00100000
3556.00100000
3557.00100000
3558.00100000
3559.00100000
3560.00100000
3561.00100000
3562.00100000
3563.00100000
3564.00100000
3565.00100000
3566.00100000
3567.00100000
3568.00100000
3569.00100000
3570.00100000
3571.00100000
3572.00100000
3573.00100000
3574.00100000
3575.00100000
3576.00100000
3577.00100000
3578.00100000
3579.00100000
3580.00100000
3581.00100000
3582.00100000
3583.00100000
3584.00100000
3585.00100000
3586.00100000
3587.00100000
3588.00100000
3589.00100000
3590.00100000
3591.00100000
3592.00100000
3593.00100000
3594.00100000
3595.00100000
3596.00100000
3597.00100000
3598.00100000
3599.00100000
3600.00100000
3601.00100000
3602.00100000
3603.00100000
3604.00100000
3605.00100000
3606.00100000
3607.00100000
3608.00100000
3609.00100000
3610.00100000
3611.00100000
3612.00100000
3613.00100000
3614.00100000
3615.00100000
3616.00100000
3617.00100000
3618.00100000
3619.00100000
3620.00100000
3621.00100000
3622.00100000
3623.00100000
3624.00100000
3625.00100000
3626.00100000
3627.00100000
3628.00100000
3629.00100000
3630.00100000
3631.00100000
3632.00100000
3633.00100000
3634.00100000
3635.00100000
3636.00100000
3637.00100000
3638.00100000
3639.00100000
3640.00100000
3641.00100000
3642.00100000
3643.00100000
3644.00100000
3645.00100000
3646.00100000
3647.00100000
3648.00100000
3649.00100000
3650.00100000
3651.00100000
3652.00100000
3653.00100000
3654.00100000
3655.00100000
3656.00100000
3657.00100000
3658.00100000
3659.00100000
3660.00100000
3661.00100000
3662.00100000
3663.00100000
3664.00100000
3665.00100000
3666.00100000
3667.00100000
3668.00100000
3669.00100000
3670.00100000
3671.00100000
3672.00100000
3673.00100000
3674.00100000
3675.00100000
3676.00100000
3677.00100000
3678.00100000
3679.00100000
3680.00100000
3681.00100000
3682.00100000
3683.00100000
3684.00100000
3685.00100000
3686.00100000
3687.00100000
3688.00100000
3689.00100000
3690.00100000
3691.00100000
3692.00100000
3693.00100000
3694.00100000
3695.00100000
3696.00100000
3697.00100000
3698.00100000
3699.00100000
3700.00100000
3701.00100000
3702.00100000
3703.00100000
3704.00100000
3705.00100000
3706.00100000
3707.00100000
3708.00100000
3709.00100000
3710.00100000
3711.00100000
3712.00100000
3713.00100000
3714.00100000
3715.00100000
3716.00100000
3717.00100000
3718.00100000
3719.00100000
3720.00100000
3721.00100000
3722.00100000
3723.00100000
3724.00100000
3725.00100000
3726.00100000
3727.00100000
3728.00100000
3729.00100000
3730.00100000
3731.00100000
3732.00100000
3733.00100000
3734.00100000
3735.00100000
3736.00100000
3737.00100000
3738.00100000
3739.00100000
3740.00100000
3741.00100000
3742.00100000
3743.00100000
3744.00100000
3745.00100000
3746.00100000
3747.00100000
3748.00100000
3749.00100000
3750.00100000
3751.00100000
3752.00100000
3753.00100000
3754.00100000
3755.00100000
3756.00100000
3757.00100000
3758.00100000
3759.00100000
3760.00100000
3761.00100000
3762.00100000
3763.00100000
3764.00100000
3765.00100000
3766.00100000
3767.00100000
3768.00100000
3769.00100000
3770.00100000
3771.00100000
3772.00100000
3773.00100000
3774.00100000
3775.00100000
3776.00100000
3777.00100000
3778.00100000
3779.00100000
3780.00100000
3781.00100000
3782.00100000
3783.00100000
3784.00100000
3785.00100000
3786.00100000
3787.00100000
3788.00100000
3789.00100000
3790.00100000
3791.00100000
3792.00100000
3793.00100000
3794.00100000
3795.00100000
3796.00100000
3797.00100000
3798.00100000
3799.00100000
3800.00100000
3801.00100000
3802.00100000
3803.00100000
3804.00100000
3805.00100000
3806.00100000
3807.00100000
3808.00100000
3809.00100000
3810.00100000
3811.00100000
3812.00100000
3813.00100000
3814.00100000
3815.00100000
3816.00100000
3817.00100000
3818.00100000
3819.00100000
3820.00100000
3821.00100000
3822.00100000
3823.00100000
3824.00100000
3825.00100000
3826.00100000
3827.00100000
3828.00100000
3829.00100000
3830.00100000
3831.00100000
3832.00100000
3833.00100000
3834.00100000
3835.00100000
3836.00100000
3837.00100000
3838.00100000
3839.00100000
3840.00100000
3841.00100000
3842.00100000
3843.00100000
3844.00100000
3845.00100000
3846.00100000
3847.00100000
3848.00100000
3849.00100000
3850.00100000
3851.00100000
3852.00100000
3853.00100000
3854.00100000
3855.00100000
3856.00100000
3857.00100000
3858.00100000
3859.00100000
3860.00100000
3861.00100000
3862.00100000
3863.00100000
3864.00100000
3865.00100000
3866.00100000
3867.00100000
3868.00100000
3869.00100000
3870.00100000
3871.00100000
3872.00100000
3873.00100000
3874.00100000
3875.00100000
3876.00100000
3877.00100000
3878.00100000
3879.00100000
3880.00100000
3881.00100000
3882.00100000
3883.00100000
3884.00100000
3885.00100000
3886.00100000
3887.00100000
3888.00100000
3889.00100000
3890.00100000
3891.00100000
3892.00100000
3893.00100000
3894.00100000
3895.00100000
3896.00100000
3897.00100000
3898.00100000
3899.00100000
3900.00100000
3901.00100000
3902.00100000
3903.00100000
3904.00100000
3905.00100000
3906.00100000
3907.00100000
3908.00100000
3909.00100000
3910.00100000
3911.00100000
3912.00100000
3913.00100000
3914.00100000
3915.00100000
3916.00100000
3917.00100000
3918.00100000
3919.00100000
3920.00100000
3921.00100000
3922.00100000
3923.00100000
3924.00100000
3925.00100000
3926.00100000
3927.00100000
3928.00100000
3929.00100000
3930.00100000
3931.00100000
3932.00100000
3933.00100000
3934.00100000
3935.00100000
3936.00100000
3937.00100000
3938.00100000
3939.00100000
3940.00100000
3941.00100000
3942.00100000
3943.00100000
3944.00100000
3945.00100000
3946.00100000
3947.00100000
3948.00100000
3949.00100000
3950.00100000
3951.00100000
3952.00100000
3953.00100000
3954.00100000
3955.00100000
3956.00100000
3957.00100000
3958.00100000
3959.00100000
3960.00100000
3961.00100000
3962.00100000
3963.00100000
3964.00100000
3965.00100000
3966.00100000
3967.00100000
3968.00100000
3969.00100000
3970.00100000
3971.00100000
3972.00100000
3973.00100000
3974.00100000
3975.00100000
3976.00100000
3977.00100000
3978.00100000
3979.00100000
3980.00100000
3981.00100000
3982.00100000
3983.00100000
3984.00100000
3985.00100000
3986.00100000
3987.00100000
3988.00100000
3989.00100000
3990.00100000
3991.00100000
3992.00100000
3993.00100000
3994.00100000
3995.00100000
3996.00100000
3997.00100000
3998.00100000
3999.00100000
4000.00100000
4001.00100000
4002.00100000
4003.00100000
4004.00100000
4005.00100000
4006.00100000
4007.00100000
4008.00100000
4009.00100000
4010.00100000
4011.00100000
4012.00100000
4013.00100000
4014.00100000
4015.00100000
4016.00100000
4017.00100000
4018.00100000
4019.00100000
4020.00100000
4021.00100000
4022.00100000
4023.00100000
4024.00100000
4025.00100000
4026.00100000
4027.00100000
4028.00100000
4029.00100000
4030.00100000
4031.00100000
4032.00100000
4033.00100000
4034.00100000
4035.00100000
4036.00100000
4037.00100000
4038.00100000
4039.00100000
4040.00100000
4041.00100000
4042.00100000
4043.00100000
4044.00100000
4045.00100000
4046.00100000
4047.00100000
4048.00100000
4049.00100000
4050.00100000
4051.00100000
4052.00100000
4053.00100000
4054.00100000
4055.00100000
4056.00100000
4057.00100000
4058.00100000
4059.00100000
4060.00100000
4061.00100000
4062.00100000
4063.00100000
4064.00100000
4065.00100000
4066.00100000
4067.00100000
4068.00100000
4069.00100000
4070.00100000
4071.00100000
4072.00100000
4073.00100000
4074.00100000
4075.00100000
4076.00100000
4077.00100000
4078.00100000
4079.00100000
4080.00100000
4081.00100000
4082.00100000
4083.00100000
4084.00100000
4085.00100000
4086.00100000
4087.00100000
4088.00100000
4089.00100000
4090.00100000
4091.00100000
4092.00100000
4093.00100000
4094.00100000
4095.00100000
4096.00100000
4097.00100000
4098.00100000
4099.00100000
4100.00100000
4101.00100000
4102.00100000
4103.00100000
4104.00100000
4105.00100000
4106.00100000
4107.00100000
4108.00100000
4109.00100000
4110.00100000
4111.00100000
4112.00100000
4113.00100000
4114.00100000
4115.00100000
4116.00100000
4117.00100000
4118.00100000
4119.00100000
4120.00100000
4121.00100000
4122.00100000
4123.00100000
4124.00100000
4125.00100000
4126.00100000
4127.00100000
4128.00100000
4129.00100000
4130.00100000
4131.00100000
4132.00100000
4133.00100000
4134.00100000
4135.00100000
4136.00100000
4137.00100000
4138.00100000
4139.00100000
4140.00100000
4141.00100000
4142.00100000
4143.00100000
4144.00100000
4145.00100000
4146.00100000
4147.00100000
4148.00100000
4149.00100000
4150.00100000
4151.00100000
4152.00100000
4153.00100000
4154.00100000
4155.00100000
4156.00100000
4157.00100000
4158.00100000
4159.00100000
4160.00100000
4161.00100000
4162.00100000
4163.00100000
4164.00100000
4165.00100000
4166.00100000
4167.00100000
4168.00100000
4169.00100000
4170.00100000
4171.00100000
4172.00100000
4173.00100000
4174.00100000
4175.00100000
4176.00100000
4177.00100000
4178.00100000
4179.00100000
4180.00100000
4181.00100000
4182.00100000
4183.00100000
4184.00100000
4185.00100000
4186.00100000
4187.00100000
4188.00100000
4189.00100000
4190.00100000
4191.00100000
4192.00100000
4193.00100000
4194.00100000
4195.00100000
4196.00100000
4197.00100000
4198.00100000
4199.00100000
4200.00100000
4201.00100000
4202.00100000
4203.00100000
4204.00100000
4205.00100000
4206.00100000
4207.00100000
4208.00100000
4209.00100000
4210.00100000
4211.00100000
4212.00100000
4213.00100000
4214.00100000
4215.00100000
4216.00100000
4217.00100000
4218.00100000
4219.00100000
4220.00100000
4221.00100000
4222.00100000
4223.00100000
4224.00100000
4225.00100000
4226.00100000
4227.00100000
4228.00100000
4229.00100000
4230.00100000
4231.00100000
4232.00100000
4233.00100000
4234.00100000
4235.00100000
4236.00100000
4237.00100000
4238.00100000
4239.00100000
4240.00100000
4241.00100000
4242.00100000
4243.00100000
4244.00100000
4245.00100000
4246.00100000
4247.00100000
4248.00100000
4249.00100000
4250.00100000
4251.00100000
4252.00100000
4253.00100000
4254.00100000
4255.00100000
4256.00100000
4257.00100000
4258.00100000
4259.00100000
4260.00100000
4261.00100000
4262.00100000
4263.00100000
4264.00100000
4265.00100000
4266.00100000
4267.00100000
4268.00100000
4269.00100000
4270.00100000
4271.00100000
4272.00100000
4273.00100000
4274.00100000
4275.00100000
4276.00100000
4277.00100000
4278.00100000
4279.00100000
4280.00100000
4281.00100000
4282.00100000
4283.00100000
4284.00100000
4285.00100000
4286.00100000
4287.00100000
4288.00100000
4289.00100000
4290.00100000
4291.00100000
4292.00100000
4293.00100000
4294.00100000
4295.00100000
4296.00100000
4297.00100000
4298.00100000
4299.00100000
4300.00100000
4301.00100000
4302.00100000
4303.00100000
4304.00100000
4305.00100000
4306.00100000
4307.00100000
4308.00100000
4309.00100000
4310.00100000
4311.00100000
4312.00100000
4313.00100000
4314.00100000
4315.00100000
4316.00100000
4317.00100000
4318.00100000
4319.00100000
4320.00100000
4321.00100000
4322.00100000
4323.00100000
4324.00100000
4325.00100000
4326.00100000
4327.00100000
4328.00100000
4329.00100000
4330.00100000
4331.00100000
4332.00100000
4333.00100000
4334.00100000
4335.00100000
4336.00100000
4337.00100000
4338.00100000
4339.00100000
4340.00100000
4341.00100000
4342.00100000
4343.00100000
4344.00100000
4345.00100000
4346.00100000
4347.00100000
4348.00100000
4349.00100000
4350.00100000
4351.00100000
4352.00100000
4353.00100000
4354.00100000
4355.00100000
4356.00100000
4357.00100000
4358.00100000
4359.00100000
4360.00100000
4361.00100000
4362.00100000
4363.00100000
4364.00100000
4365.00100000
4366.00100000
4367.00100000
4368.00100000
4369.00100000
4370.00100000
4371.00100000
4372.00100000
4373.00100000
4374.00100000
4375.00100000
4376.00100000
4377.00100000
4378.00100000
4379.00100000
4380.00100000
4381.00100000
4382.00100000
4383.00100000
4384.00100000
4385.00100000
4386.00100000
4387.00100000
4388.00100000
4389.00100000
4390.00100000
4391.00100000
4392.00100000
4393.00100000
4394.00100000
4395.00100000
4396.00100000
4397.00100000
4398.00100000
4399.00100000
4400.00100000
4401.00100000
4402.00100000
4403.00100000
4404.00100000
4405.00100000
4406.00100000
4407.00100000
4408.00100000
4409.00100000
4410.00100000
4411.00100000
4412.00100000
4413.00100000
4414.00100000
4415.00100000
4416.00100000
4417.00100000
4418.00100000
4419.00100000
4420.00100000
4421.00100000
4422.00100000
4423.00100000
4424.00100000
4425.00100000
4426.00100000
4427.00100000
4428.00100000
4429.00100000
4430.00100000
4431.00100000
4432.00100000
4433.00100000
4434.00100000
4435.00100000
4436.00100000
4437.00100000
4438.00100000
4439.00100000
4440.00100000
4441.00100000
4442.00100000
4443.00100000
4444.00100000
4445.00100000
4446.00100000
4447.00100000
4448.00100000
4449.00100000
4450.00100000
4451.00100000
4452.00100000
4453.00100000
4454.00100000
4455.00100000
4456.00100000
4457.00100000
4458.00100000
4459.00100000
4460.00100000
4461.00100000
4462.00100000
4463.00100000
4464.00100000
4465.00100000
4466.00100000
4467.00100000
4468.00100000
4469.00100000
4470.00100000
4471.00100000
4472.00100000
4473.00100000
4474.00100000
4475.00100000
4476.00100000
4477.00100000
4478.00100000
4479.00100000
4480.00100000
4481.00100000
4482.00100000
4483.00100000
4484.00100000
4485.00100000
4486.00100000
4487.00100000
4488.00100000
4489.00100000
4490.00100000
4491.00100000
4492.00100000
4493.00100000
4494.00100000
4495.00100000
4496.00100000
4497.00100000
4498.00100000
4499.00100000
4500.00100000
4501.00100000
4502.00100000
4503.00100000
4504.00100000
4505.00100000
4506.00100000
4507.00100000
4508.00100000
4509.00100000
4510.00100000
4511.00100000
4512.00100000
4513.00100000
4514.00100000
4515.00100000
4516.00100000
4517.00100000
4518.00100000
4519.00100000
4520.00100000
4521.00100000
4522.00100000
4523.00100000
4524.00100000
4525.00100000
4526.00100000
4527.00100000
4528.00100000
4529.00100000
4530.00100000
4531.00100000
4532.00100000
4533.00100000
4534.00100000
4535.00100000
4536.00100000
4537.00100000
4538.00100000
4539.00100000
4540.00100000
4541.00100000
4542.00100000
4543.00100000
4544.00100000
4545.00100000
4546.00100000
4547.00100000
4548.00100000
4549.00100000
4550.00100000
4551.00100000
4552.00100000
4553.00100000
4554.00100000
4555.00100000
4556.00100000
4557.00100000
4558.00100000
4559.00100000
4560.00100000
4561.00100000
4562.00100000
4563.00100000
4564.00100000
4565.00100000
4566.00100000
4567.00100000
4568.00100000
4569.00100000
4570.00100000
4571.00100000
4572.00100000
4573.00100000
4574.00100000
4575.00100000
4576.00100000
4577.00100000
4578.00100000
4579.00100000
4580.00100000
4581.00100000
4582.00100000
4583.00100000
4584.00100000
4585.00100000
4586.00100000
4587.00100000
4588.00100000
4589.00100000
4590.00100000
4591.00100000
4592.00100000
4593.00100000
4594.00100000
4595.00100000
4596.00100000
4597.00100000
4598.00100000
4599.00100000
4600.00100000
4601.00100000
4602.00100000
4603.00100000
4604.00100000
4605.00100000
4606.00100000
4607.00100000
4608.00100000
4609.00100000
4610.00100000
4611.00100000
4612.00100000
4613.00100000
4614.00100000
4615.00100000
4616.00100000
4617.00100000
4618.00100000
4619.00100000
4620.00100000
4621.00100000
4622.00100000
4623.00100000
4624.00100000
4625.00100000
4626.00100000
4627.00100000
4628.00100000
4629.00100000
4630.00100000
4631.00100000
4632.00100000
4633.00100000
4634.00100000
4635.00100000
4636.00100000
4637.00100000
4638.00100000
4639.00100000
4640.00100000
4641.00100000
4642.00100000
4643.00100000
4644.00100000
4645.00100000
4646.00100000
4647.00100000
4648.00100000
4649.00100000
4650.00100000
4651.00100000
4652.00100000
4653.00100000
4654.00100000
4655.00100000
4656.00100000
4657.00100000
4658.00100000
4659.00100000
4660.00100000
4661.00100000
4662.00100000
4663.00100000
4664.00100000
4665.00100000
4666.00100000
4667.00100000
4668.00100000
4669.00100000
4670.00100000
4671.00100000
4672.00100000
4673.00100000
4674.00100000
4675.00100000
4676.00100000
4677.00100000
4678.00100000
4679.00100000
4680.00100000
4681.00100000
4682.00100000
4683.00100000
4684.00100000
4685.00100000
4686.00100000
4687.00100000
4688.00100000
4689.00100000
4690.00100000
4691.00100000
4692.00100000
4693.00100000
4694.00100000
4695.00100000
4696.00100000
4697.00100000
4698.00100000
4699.00100000
4700.00100000
4701.00100000
4702.00100000
4703.00100000
4704.00100000
4705.00100000
4706.00100000
4707.00100000
4708.00100000
4709.00100000
4710.00100000
4711.00100000
4712.00100000
4713.00100000
4714.00100000
4715.00100000
4716.00100000
4717.00100000
4718.00100000
4719.00100000
4720.00100000
4721.00100000
4722.00100000
4723.00100000
4724.00100000
4725.00100000
4726.00100000
4727.00100000
4728.00100000
4729.00100000
4730.00100000
4731.00100000
4732.00100000
4733.00100000
4734.00100000
4735.00100000
4736.00100000
4737.00100000
4738.00100000
4739.00100000
4740.00100000
4741.00100000
4742.00100000
4743.00100000
4744.00100000
4745.00100000
4746.00100000
4747.00100000
4748.00100000
4749.00100000
4750.00100000
4751.00100000
4752.00100000
4753.00100000
4754.00100000
4755.00100000
4756.00100000
4757.00100000
4758.00100000
4759.00100000
4760.00100000
4761.00100000
4762.00100000
4763.00100000
4764.00100000
4765.00100000
4766.00100000
4767.00100000
4768.00100000
4769.00100000
4770.00100000
4771.00100000
4772.00100000
4773.00100000
4774.00100000
4775.00100000
4776.00100000
4777.00100000
4778.00100000
4779.00100000
4780.00100000
4781.00100000
4782.00100000
4783.00100000
4784.00100000
4785.00100000
4786.00100000
4787.00100000
4788.00100000
4789.00100000
4790.00100000
4791.00100000
4792.00100000
4793.00100000
4794.00100000
4795.00100000
4796.00100000
4797.00100000
4798.00100000
4799.00100000
4800.00100000
4801.00100000
4802.00100000
4803.00100000
4804.00100000
4805.00100000
4806.00100000
4807.00100000
4808.00100000
4809.00100000
4810.00100000
4811.00100000
4812.00100000
4813.00100000
4814.00100000
4815.00100000
4816.00100000
4817.00100000
4818.00100000
4819.00100000
4820.00100000
4821.00100000
4822.00100000
4823.00100000
4824.00100000
4825.00100000
4826.00100000
4827.00100000
4828.00100000
4829.00100000
4830.00100000
4831.00100000
4832.00100000
4833.00100000
4834.00100000
4835.00100000
4836.00100000
4837.00100000
4838.00100000
4839.00100000
4840.00100000
4841.00100000
4842.00100000
4843.00100000
4844.00100000
4845.00100000
4846.00100000
4847.00100000
4848.00100000
4849.00100000
4850.00100000
4851.00100000
4852.00100000
4853.00100000
4854.00100000
4855.00100000
4856.00100000
4857.00100000
4858.00100000
4859.00100000
4860.00100000
4861.00100000
4862.00100000
4863.00100000
4864.00100000
4865.00100000
4866.00100000
4867.00100000
4868.00100000
4869.00100000
4870.00100000
4871.00100000
4872.00100000
4873.00100000
4874.00100000
4875.00100000
4876.00100000
4877.00100000
4878.00100000
4879.00100000
4880.00100000
4881.00100000
4882.00100000
4883.00100000
4884.00100000
4885.00100000
4886.00100000
4887.00100000
4888.00100000
4889.00100000
4890.00100000
4891.00100000
4892.00100000
4893.00100000
4894.00100000
4895.00100000
4896.00100000
4897.00100000
4898.00100000
4899.00100000
4900.00100000
4901.00100000
4902.00100000
4903.00100000
4904.00100000
4905.00100000
4906.00100000
4907.00100000
4908.00100000
4909.00100000
4910.00100000
4911.00100000
4912.00100000
4913.00100000
4914.00100000
4915.00100000
4916.00100000
4917.00100000
4918.00100000
4919.00100000
4920.00100000
4921.00100000
4922.00100000
4923.00100000
4924.00100000
4925.00100000
4926.00100000
4927.00100000
4928.00100000
4929.00100000
4930.00100000
4931.00100000
4932.00100000
4933.00100000
4934.00100000
4935.00100000
4936.00100000
4937.00100000
4938.00100000
4939.00100000
4940.00100000
4941.00100000
4942.00100000
4943.00100000
4944.00100000
4945.00100000
4946.00100000
4947.00100000
4948.00100000
4949.00100000
4950.00100000
4951.00100000
4952.00100000
4953.00100000
4954.00100000
4955.00100000
4956.00100000
4957.00100000
4958.00100000
4959.00100000
4960.00100000
4961.00100000
4962.00100000
4963.00100000
4964.00100000
4965.00100000
4966.00100000
4967.00100000
4968.00100000
4969.00100000
4970.00100000
4971.00100000
4972.00100000
4973.00100000
4974.00100000
4975.00100000
4976.00100000
4977.00100000
4978.00100000
4979.00100000
4980.00100000
4981.00100000
4982.00100000
4983.00100000
4984.00100000
4985.00100000
4986.00100000
4987.00100000
4988.00100000
4989.00100000
4990.00100000
4991.00100000
4992.00100000
4993.00100000
4994.00100000
4995.00100000
4996.00100000
4997.00100000
4998.00100000
4999.00100000
